10000 10000
2472 5702
3885 8733
4668 5652
268 8259
766 7430
3333 3288
3215 4511
3717 5862
8703 8504
114 6511
4172 1263
2405 6627
7698 5307
6455 9678
1959 3476
2534 2344
2786 6015
3678 6354
3632 6754
1912 8104
1083 7937
1572 9034
4981 1451
3298 1285
3354 5271
4207 9768
3930 5554
9762 7873
5530 2217
42 3442
5727 2678
6473 9700
766 9993
4817 1228
2176 8886
5101 6409
7849 9255
5355 1008
5758 9719
1765 9160
474 5869
6674 1262
1232 3527
3390 6306
5804 8163
5704 4851
6020 440
1529 6726
1660 7307
6642 6905
8492 6909
8834 8828
8023 7578
5439 8599
7680 2610
307 7298
14 594
9593 9931
1552 1419
6484 6641
834 3805
6211 3611
3523 778
6012 7994
4086 7819
6207 4007
7375 8516
5416 6532
713 3420
5470 2132
4516 1077
5083 252
6804 7393
4150 3142
1329 7362
917 5628
3117 9078
6964 5539
4610 9478
6745 9091
9705 6833
8151 1859
4515 358
4480 6328
3145 1356
2024 1016
7571 3777
6491 929
9756 1680
8373 330
384 7232
6764 44
835 5745
5462 7135
918 6109
2462 4300
9143 9498
7646 5761
2305 3283
6369 8171
6254 8079
6676 2388
7074 5545
3100 7860
602 3680
1335 8489
9797 5985
5123 7574
7984 5377
4808 818
9478 255
2094 9124
4052 9516
9182 2052
3433 7543
4681 9246
6192 5800
4198 5190
9456 9881
3833 2542
5519 3821
4965 8199
8261 9890
833 6708
3406 6833
8711 5728
2586 2836
2913 2521
9637 5742
1771 4067
2440 2979
8633 2337
5784 6762
5496 366
6245 9560
9303 1597
6036 7044
323 3785
4008 4509
976 966
6083 3795
8128 182
8748 9700
1536 6563
2798 3228
4758 8326
3468 2061
1500 3048
4407 7073
8717 8335
1203 1065
621 2746
1341 7319
2561 4697
5618 6766
1938 4122
4857 4222
6272 9806
4657 8475
8962 9807
1319 5294
5239 102
1092 5670
8885 5934
6181 9746
4548 8506
1707 2550
4397 3101
761 3535
389 401
1208 6090
7120 6054
4457 3106
6706 9858
7286 7043
1584 5010
1033 5368
8069 5950
6980 7613
3197 8427
9548 6077
3065 2457
9562 5093
5470 7074
8038 6551
8070 4314
2920 5778
489 3283
7382 2069
196 2286
7911 2051
7270 8885
2996 6146
7186 304
7139 9384
5881 2521
3523 4962
1217 8957
59 5960
1715 904
6811 2540
7607 9726
1460 3478
2582 9374
3151 8718
7831 3337
8916 372
8506 4567
5905 6471
5327 1300
9996 6472
9365 5670
4096 2239
8312 430
5463 9246
2628 2265
8270 8280
9287 2164
4917 3761
3130 3255
238 200
6832 951
9273 1563
8136 9818
263 5467
3101 7123
4320 5981
6412 4867
2761 5865
1733 8151
6243 4831
9773 7763
1809 1212
2564 7063
9625 1659
1639 7322
5714 8169
1589 4109
6995 460
4373 7676
5893 4081
2558 7577
9597 5360
9138 2558
4635 8763
7802 9194
7718 8503
2807 7872
8059 4791
7129 4027
4319 7153
3537 2755
8138 4728
6254 9608
6756 3395
6933 9456
3495 8789
3664 6386
3037 5321
865 3077
6486 406
7710 5438
611 5414
9128 2814
6220 2210
3515 2354
7505 5966
293 2771
6577 4282
3146 9809
359 6525
4631 2982
1844 5678
2937 9723
361 1633
5802 4788
8384 1946
6233 4039
924 5643
7145 8646
7032 3415
8444 278
2011 2550
624 867
3041 5537
7931 8402
2962 4151
4878 6741
3959 8367
8928 1983
8568 2924
8932 3814
146 2970
871 4312
5499 4967
4788 4986
9325 6976
4044 5459
8079 938
4239 2183
6540 4502
2939 5829
6149 7183
1018 1415
2143 8753
3240 5492
8253 9092
8351 4356
6991 9818
8425 7455
7562 7504
14 4898
3061 8953
2526 7431
5407 8806
8995 5736
5941 5173
1880 3533
1380 5309
1638 7658
2401 5992
4159 3714
5282 4434
6600 9076
6242 1634
970 4634
3223 5392
5171 5518
6747 4065
9699 2826
8902 50
5013 6573
8245 9837
881 2478
1913 835
4846 1968
9542 6052
5646 3575
3754 2338
8672 584
7686 7470
2923 8609
4961 479
747 3363
1760 8773
9005 248
1869 9444
7334 5295
2257 2627
576 2155
6319 6474
2481 4888
5375 7671
7292 8337
2490 6790
9456 294
8461 8960
4996 6929
4826 7570
7535 9163
1767 8613
196 3851
9887 3866
3681 9017
3191 2121
4580 8682
6014 9676
233 340
7539 9186
3144 1115
8909 9281
4372 9281
9348 3719
4039 4452
1991 2461
8077 981
8475 1878
8588 4588
7823 626
9489 9806
1056 7887
9470 4833
6929 8748
6230 6301
8457 1918
265 9000
3367 4946
227 9034
2662 1060
6670 746
4548 2610
3047 7281
57 4399
3439 6409
4448 6966
4322 7488
8552 9482
5883 8955
488 3880
3280 1425
7412 659
8531 5832
4081 7327
1491 6099
4619 9591
2977 6544
3889 349
1670 1797
9522 6817
8456 182
4305 9135
4706 2862
8291 3634
9832 1738
2328 2676
4488 7400
302 3407
1400 134
3787 40
1795 1828
9604 7948
1326 7173
3667 7785
3857 9743
6324 5597
6036 3346
9825 6488
1546 8700
2742 5361
3480 6465
4961 8884
9384 6429
4727 8185
4673 7933
7724 4659
7087 993
9132 5558
8416 9682
6642 3513
3984 3065
672 9161
258 5207
3366 8385
747 3368
7551 6099
8105 8003
4367 2992
795 4209
6775 7941
5661 2344
7289 4015
36 9289
6424 4812
2228 7303
3605 2905
3365 1515
2476 5754
2477 7178
471 9652
2143 1052
1231 4609
8106 8053
317 2007
5595 2679
1660 3637
2465 8743
6811 2882
966 5976
7099 3370
9291 4254
3717 4716
564 5056
4729 147
9777 6668
7653 368
2681 9130
4793 720
7181 9597
7 3726
5213 5419
2672 884
8165 3849
2071 8918
1614 6591
8294 3965
7399 4483
3351 7151
9388 922
1165 3736
9955 9014
5698 5741
3914 9608
6060 5744
9183 4129
8308 8245
439 9371
2865 1376
6351 9082
632 7167
9451 3979
9655 1636
7814 3589
1073 6103
4100 8504
8164 6689
4486 1643
944 9155
3707 2265
5287 3954
6863 7779
4885 8401
843 2402
446 720
439 7637
8234 8819
451 7529
9212 961
3738 9055
959 4116
873 5503
6272 1985
4899 108
1676 8467
3002 7684
9403 1340
824 8464
6250 7109
8523 4943
9819 4340
2463 3628
5687 1230
6710 2064
4100 99
9161 6187
521 7330
5789 5371
547 191
8896 6733
2334 8104
4564 6729
9804 2522
6602 5583
8691 7109
7862 1427
9141 1394
9139 5434
2876 4790
2924 7997
2585 8673
3061 1757
3345 3561
821 8221
4787 2770
2576 5590
2494 4410
5598 2172
9099 7579
5272 5481
4950 8091
9455 2793
4633 4508
3880 3885
152 7085
9868 4419
7343 1250
3666 659
7484 7022
4422 1977
8867 810
207 5066
1051 1648
7447 842
689 3753
1813 7853
2043 4229
4100 1719
7854 4770
1153 3053
2612 1433
9258 5037
4069 6044
9291 2206
5147 8129
8595 6609
3896 9551
1013 6586
1752 7033
1493 5922
7649 8135
7231 816
7849 676
1257 3454
5829 9951
7362 3781
5221 9485
4795 938
3252 1618
8674 3623
6096 8602
4950 3514
9255 7287
8729 1928
6413 4526
9621 4296
1690 3258
446 9747
6467 8093
5508 9908
5636 1295
9908 12
3495 4431
1989 8255
3404 8043
4981 3974
7894 9570
4836 7362
7586 3843
2819 4572
6143 6805
9706 9383
4120 9927
4769 4424
2745 8539
730 6061
7686 4172
944 8548
4683 8016
655 3115
6695 1041
9118 7877
1363 3498
2515 4548
4629 1897
8580 7822
5459 6029
8587 4085
3272 7019
6678 6142
5684 503
2172 7357
4337 5718
5792 1465
6362 884
3294 8664
7054 517
3168 6847
3367 2643
9165 5035
4805 2308
5670 772
1306 7047
7879 4763
2986 5581
2139 2476
7511 439
9873 6188
3975 6868
5319 9804
243 6084
2190 7258
6701 8194
9177 5646
9898 9057
6239 9038
6476 7834
4251 5809
4784 9601
2794 6910
3798 6627
5231 8870
8661 9937
4678 466
5434 8408
9167 682
3001 9261
8166 3777
834 5995
7702 6080
3561 8017
9526 9049
9149 3163
4084 7294
7379 5960
8965 5692
2116 535
1898 958
7821 1009
6916 5844
4805 9224
4134 6053
6869 2160
2436 9038
4650 112
5071 7245
4707 3490
4495 4426
2955 4753
307 8375
1926 8052
2263 5439
6266 6683
224 4264
5659 8160
2017 9083
2032 9874
1136 3158
5143 3252
9121 6036
4945 246
868 5585
7825 6621
3900 4958
7093 4150
7999 670
4333 5262
2462 2666
3910 3756
1236 6032
7631 955
5631 9081
7813 1163
5539 8142
2612 9623
518 5873
9862 4773
4565 1790
9768 2015
8291 6377
52 4714
9526 6894
8241 2448
4563 7014
5299 4175
2766 3236
8192 8872
500 1982
8430 9423
9056 2135
1646 8316
3124 9885
5171 1798
730 2110
7982 7278
700 5944
2058 5670
9482 2862
5203 4669
2307 5958
7695 3463
809 5862
410 3930
9903 470
8227 1645
8306 9319
7636 1781
8044 7710
1066 6754
754 7056
1485 3574
6119 7813
8995 8192
215 7780
5735 8550
6355 1735
500 4383
5107 7251
7124 2737
6433 8549
6373 6999
905 7535
7011 5473
6284 9139
257 5382
2660 7219
4623 8663
6415 1088
6993 1471
5381 3133
522 427
8693 2193
9132 4224
2251 6845
6904 4086
8851 7164
1100 912
1519 8135
8902 6802
8318 231
9133 5165
9655 4400
9621 9672
3568 3232
7601 7232
8585 4594
5186 9485
5350 6249
2008 209
1823 7231
8793 7470
8926 9074
8960 5483
6412 2295
3625 5405
8899 8900
7762 1885
4310 681
9395 3610
7344 2791
1698 8565
5026 7015
7962 6250
8196 8816
1301 8206
4147 4605
8777 876
3675 9697
1771 6269
3341 1090
4513 4981
710 3116
6046 1959
8 4099
4078 3824
4160 6190
5937 5105
773 8224
8382 1252
6673 8634
5579 6570
4112 8939
1125 132
7660 4755
4484 2465
2501 6083
4064 7378
6344 3607
1655 8102
4398 3275
6740 3827
3180 5120
5023 7049
3569 7628
3745 9507
4111 6155
2112 2203
4346 5732
4434 9615
5927 5755
3295 5005
8968 6932
8277 856
855 5096
4876 1061
3338 8680
1575 9407
4897 2981
9002 6525
4719 1576
1725 6251
2962 1071
5533 8893
2313 4447
2606 5181
574 3367
417 2063
5431 7870
67 7068
159 8506
6741 7919
466 8525
2169 7263
8786 1850
9632 8588
8264 7858
9721 3741
3478 6741
564 1369
7090 7150
2217 8223
7816 5255
6296 7695
3142 6052
5492 5735
4482 4307
3185 1439
5654 161
6191 7034
779 151
6936 3161
3983 8790
4138 3045
2764 8346
865 8967
9470 574
3339 8378
3699 5232
7306 7270
3886 1214
3881 5638
8328 2691
5491 7196
4554 3059
6709 4500
17 95
7769 681
2278 6285
1539 3467
9947 1165
489 8768
1347 3832
9115 4124
3216 7047
6000 6263
7337 8527
5114 11
3063 1149
4903 5635
6603 9470
2088 5384
987 1532
8345 1548
9993 1653
1469 6948
4444 7063
7047 2470
6978 706
8034 8801
2908 7154
2288 8835
7539 3297
4570 7314
8473 625
612 5558
2534 7399
1170 6470
1764 1928
91 4494
1628 2604
8900 6787
364 1003
1940 3056
4661 5345
7304 2972
3685 4988
7307 2821
7378 5405
3868 6004
8751 5531
5831 8135
2865 346
7470 7410
8323 7710
779 7127
7692 364
8364 2152
5241 2535
8821 9544
2305 4356
7118 8967
1857 1407
6768 6037
9042 9824
1091 2342
2110 8922
9225 1286
4513 219
8473 6723
5596 331
7800 8271
4586 3256
498 9164
2030 249
5573 7327
4048 6502
4502 9046
6489 8895
1393 9433
2228 3402
4827 1806
4595 6747
7628 6300
1866 4479
7112 6985
5558 8874
3160 7856
5709 9601
9846 3899
1647 1108
4666 7565
7842 8911
1492 921
7358 1714
6437 3411
1180 5594
2556 7222
9662 2183
9828 9162
4296 3110
4314 6990
945 6186
7266 6005
2641 3542
2492 6077
9656 7125
1850 707
8957 5699
8894 2906
4045 9674
5805 476
4434 6918
4476 1690
1776 2517
6515 8109
7762 4889
1285 55
1797 2907
5948 4675
7160 7574
481 9591
610 3603
8430 7189
7354 7198
5936 9203
7732 9235
8656 2234
5365 2787
6695 5666
1868 2214
6241 5235
8273 6333
287 4243
6550 8309
1440 9438
610 2527
3615 1275
4498 5968
1339 885
3838 6470
2760 9197
3433 41
2095 1727
8233 9072
2378 3073
4406 8263
2686 6275
5575 6196
5587 2545
3756 8678
9243 481
5025 7796
408 8994
8091 1844
8084 9566
1805 5391
7560 3513
2223 5732
4258 4168
3717 6009
1828 218
8981 3133
4616 3371
3007 4166
8570 6041
9427 8388
8633 7451
2179 1088
8692 6215
5297 3885
3863 4422
1800 6539
2875 7856
1712 2374
9488 4187
1038 230
5594 4247
6304 6755
1440 6296
2871 7802
8939 2939
9690 6645
41 9234
211 5000
8328 5013
678 8042
1064 6081
528 6050
1806 1100
3173 5193
1476 1340
7295 1188
7786 4373
6572 215
3151 9385
886 7641
1429 4555
7161 9459
9552 1598
4569 7067
6862 6990
5187 6551
9215 4876
4236 483
6219 6132
7280 9863
4958 1793
6565 3530
1666 3937
2354 3753
6747 3312
3788 8285
8661 596
6137 7840
2531 1839
8878 771
4127 9052
6437 2138
3708 3463
9728 1575
830 8625
9704 731
458 764
6982 7803
6863 7354
665 7803
8017 6359
5590 9886
8819 9398
6561 3430
5415 9042
7804 8127
7307 174
3504 5538
829 7472
4627 4834
3425 3644
3156 2983
4745 3206
6690 4347
4332 6774
7555 3420
7700 2652
1615 7988
2010 8164
3043 3324
7092 5805
4722 5380
5921 2207
1820 3978
3340 4299
3503 8388
8987 1777
6372 4125
1554 2694
2251 213
1329 6736
9723 8484
9751 7808
5792 4937
4168 6516
1532 2737
5368 8205
7642 8960
2018 7516
1136 3056
8981 8709
7046 6865
4894 1500
9364 2262
6826 4834
9047 2501
9931 1916
8869 9760
1464 9210
3852 1223
6069 7669
589 3150
1266 9239
3820 4521
9588 2943
9124 8662
5145 5825
9819 8057
3352 3916
1078 8875
6911 5584
6680 303
4492 2225
8221 5219
3099 9318
4302 1090
8306 6116
5433 5958
4665 9239
5671 3254
6757 8455
1903 3555
5800 2754
4015 2312
2060 8359
9290 3520
9822 5283
948 3083
2590 7988
5405 2490
7574 1506
4657 9503
8094 3818
9416 8584
8324 9648
7791 1515
1731 8272
9101 3219
1772 1149
9611 5912
5208 6511
10 568
9773 3211
515 8126
841 836
5865 1971
1114 6738
8378 9379
9797 8335
3959 3895
8624 7748
1637 7377
9178 4027
5619 2070
6061 745
9988 7478
6964 3220
1181 8107
2204 245
201 1830
1885 772
4177 7640
2772 6593
3397 3060
4559 8621
4292 3237
4668 4135
1904 9118
2402 6456
2219 9303
2103 1550
161 9984
989 8654
6508 7951
8736 8592
8693 6597
3972 1542
8013 2173
3599 4284
7377 1211
515 32
7666 4889
9647 4023
1057 4444
2746 6192
5545 5135
6187 375
8285 5118
973 716
4553 2811
3656 4436
7072 5516
4356 7623
8061 1367
1244 8435
9011 1117
2932 6079
5296 492
4446 3230
4348 1878
6266 2568
6389 9603
111 4558
8108 1692
1826 2848
9859 3241
9339 1081
1372 7001
7316 5546
1244 2790
5943 9840
8969 6714
1877 4257
5133 3504
9943 244
7938 3694
8164 9788
723 4680
6030 4874
6582 890
3885 9457
8587 1374
4001 4008
9821 8356
3336 3659
4503 1146
3085 2624
3037 9896
1993 5212
4521 1913
1682 8160
4563 4852
76 6031
4781 206
3189 5518
4778 6837
4249 8257
8072 9246
5545 8642
4847 515
8961 2308
1124 4917
6907 8169
2470 7478
1972 3682
3469 5605
7843 6289
3801 1755
5104 6481
2789 1782
6441 9079
368 5909
1301 3232
3706 2006
2195 9095
2531 4585
7723 150
7509 5016
8578 3740
4130 6919
2729 8743
4665 9774
5910 4486
4364 9326
3813 4999
664 1716
9110 7004
7458 643
5540 918
5504 2030
2834 7867
6082 3191
4262 8711
5824 1185
4653 350
872 8927
6686 5045
1050 1920
4527 7089
6613 4112
1726 3957
6482 7966
3475 7068
1256 9319
1202 1786
2135 2167
8497 8219
493 1993
1232 7020
9468 6141
3341 8834
6962 3709
7727 418
6164 5442
9302 5173
7219 6782
7019 7465
7331 7025
2885 7916
1346 7032
6275 2679
6716 3097
5560 6998
6703 9948
9495 2964
3671 9299
5854 3517
4359 81
9902 5772
6031 7727
4346 2624
9701 1806
7441 3744
4728 255
5929 319
3093 7134
4846 4818
2906 5762
8224 1030
6221 356
868 2082
512 8394
6488 3672
7468 5146
7863 6445
7785 5031
8745 4788
2240 7861
5100 6386
8282 437
2997 5093
1295 7964
7294 6542
9946 7545
1647 2384
7577 1864
9635 9948
7283 9635
9237 3355
6443 2679
9765 898
6983 3401
5842 8819
6808 4262
5611 582
4737 5169
9095 9821
9942 9023
8973 5298
544 3667
7760 9842
3351 8723
422 3055
5756 7833
9213 1084
7296 8666
6028 560
4962 7983
6185 4151
4334 6030
702 9725
8079 4681
6720 7348
212 1603
7667 1636
7679 2512
2321 6380
4102 537
6843 1816
3906 8100
3912 3428
4539 7845
8160 110
7082 4047
9201 1078
8622 9594
9384 4456
4760 8949
6102 3705
1082 4005
1944 2107
7060 50
2675 3614
718 8554
9017 1709
2305 3723
750 4272
2530 1116
645 680
9886 9380
7747 3098
7430 3107
2172 8674
7222 3199
3511 4004
3109 7041
7911 8756
5143 5851
9734 2795
5671 3313
1965 4578
2893 2540
3341 3065
9689 5416
2647 6026
6309 4477
4992 3974
7425 9916
999 8282
8451 3187
6466 6060
5187 4434
4566 8144
2769 3849
291 113
837 570
6263 93
9233 2725
3220 3357
6921 9686
5361 2178
7367 5094
3252 7639
910 9461
6008 5474
6371 1829
2916 9623
5317 6007
2071 1873
5477 7775
5768 1004
7531 6806
4346 815
7328 5086
4330 6790
7113 4711
9373 4064
9021 5880
3919 8944
7886 368
3236 8636
6817 4169
9114 6275
8614 3111
5118 2470
6132 6562
5631 2354
8138 1638
5875 376
8121 2749
5038 7821
5449 7333
310 4115
8340 3273
3553 3253
7877 6479
393 7844
2037 6453
7427 8852
7421 7060
1188 9931
181 7304
6668 4231
4550 6687
5086 2204
7326 1949
487 7661
8735 9133
4875 3161
7891 7540
9906 8557
5182 8461
8423 1604
5857 5301
1944 1002
471 6908
151 6323
8495 973
6090 8751
4934 7327
8342 7360
1369 2449
8204 8323
2801 2102
3763 2377
2154 2555
8059 6220
1642 3470
4532 5670
3090 9741
6671 3036
3133 5127
6199 9411
1134 9880
6193 9493
2867 891
3424 8568
9534 4192
2454 1575
3123 610
2043 7502
9811 327
7253 2099
8603 9118
7913 1317
9746 1134
8297 7373
1273 3814
8138 78
4251 6591
9372 4057
7192 1050
9338 657
4082 8062
4209 9464
1126 9570
6062 2899
4114 6026
7277 9855
9462 9833
3644 7181
1058 8602
8912 1552
9151 3204
6067 5358
3269 7561
4051 7209
5248 722
4828 9584
5108 1010
7510 8128
1624 3948
786 7940
5986 7164
5262 4427
3656 8713
1187 2278
9231 6174
5007 2966
5757 5955
5474 3291
2668 319
7821 5121
1942 8851
4325 3709
7398 6955
6821 8842
9179 2890
5066 7919
9834 3781
9735 2963
1597 3051
974 7221
2174 4117
8298 7014
9766 6232
4540 8919
2295 8646
3768 6018
2423 3125
3444 9915
4520 6795
5197 3656
3376 1239
5971 5857
1552 4849
932 808
4046 8332
2772 4004
5231 7447
5629 2327
8318 5280
3398 2820
4233 9071
3851 6879
3090 3972
9893 495
4183 1946
1206 9304
5944 1687
920 5197
4301 7963
6711 6935
5242 6569
4829 8958
9141 9866
6340 1222
2675 8881
2197 3949
9815 4967
8426 9181
6683 9253
6544 6334
6141 5430
9468 783
48 6464
202 7428
6669 8969
9109 5315
7296 4906
8380 2414
9697 5289
191 5400
88 7889
6450 9675
27 8722
1909 8713
5645 1610
6625 3897
2820 1334
2028 5154
2783 940
4399 9961
4503 4486
4246 5705
2509 3127
6332 9641
7000 2438
1333 3373
1591 4306
9023 592
8301 4620
5899 4260
5293 1563
7296 1132
5017 891
9155 7293
9377 7666
5833 4299
8408 279
4789 8743
2363 5612
2459 966
1152 5074
5161 6383
4522 9037
2960 9187
6614 4892
1919 8355
8012 6772
8705 6668
1277 424
3786 3065
3209 4344
9478 3167
8284 8099
3090 1468
7317 9841
4940 4129
9218 7767
1163 610
6883 9552
9762 4933
2139 6096
5010 3590
3666 2383
8991 496
8536 1663
6719 8958
6143 3310
8603 9953
3061 4298
2147 7284
1643 5361
252 9699
9478 340
3307 4983
1374 1679
2868 6398
2546 2782
1971 1308
2894 8584
4960 2470
2115 4479
6274 6161
3995 5289
323 9792
7578 9730
7333 7636
340 6592
2924 5129
4082 4351
3555 5562
7024 1531
7625 4925
6238 2517
2363 1634
4396 9328
7184 2582
2414 8523
8392 7296
8818 8259
4857 8927
8673 2284
5964 971
5269 6909
9378 9539
4927 6220
6288 5901
3175 4539
9027 9509
2493 5575
2785 1731
4730 6359
7170 7443
6963 8965
6349 7323
7690 8288
5712 2332
6113 8564
5711 9436
676 4621
7812 8353
9825 7717
7597 8675
6667 6464
2352 603
1851 1457
9162 4194
9863 4899
6566 5619
7161 2675
7185 9247
9267 4012
3210 3711
5001 1326
145 6012
4501 2569
8688 879
7021 8674
5314 1531
9342 4207
9982 2964
4440 8205
4200 9113
3873 3476
9911 5896
5617 5232
2268 1068
6479 3094
7786 5457
4741 9662
2218 115
9226 3791
3790 3870
4797 5849
224 6423
4362 5470
232 363
3722 9359
7842 3249
8114 2704
5033 367
9834 4057
4580 8341
4480 6342
2507 4733
7301 9965
2391 9113
6500 25
9899 4673
9206 7997
5119 8051
5383 7048
1619 6829
8262 7261
4484 7353
7319 6456
837 2712
827 8278
1579 846
8143 9912
9481 3180
3455 3799
7330 6869
8182 3711
980 2309
3734 959
1823 959
6040 2566
5061 7767
266 1940
8230 5322
6721 4616
4562 6662
8683 5297
8595 8374
1533 8858
5576 9036
9897 7000
5888 9886
491 1203
6206 2870
8824 7500
592 882
7143 7159
3427 4720
2815 2095
9050 8139
7145 1498
4082 4716
9828 6417
2385 4266
8618 4133
4549 4515
1349 1615
9584 1517
5321 7346
6983 8898
5170 8801
7222 9037
197 8875
5417 2292
5229 6803
4871 2325
2654 7688
3856 524
9284 8916
3793 7591
7034 7855
3489 5770
5561 2978
5747 5133
4896 4069
2396 2357
5318 3814
1375 2850
3031 5744
485 7422
1443 5088
4615 1607
394 4070
5126 2135
6635 2745
345 7793
1635 6964
5693 6975
3695 7652
855 6442
4847 9816
3015 9832
3984 1830
6144 2109
9486 3246
7529 8083
1452 8020
1772 2817
5083 2934
9374 1389
8132 3575
4007 482
8073 9293
4480 4718
3747 6024
9318 3277
7086 9609
4345 46
874 2999
2915 4172
3840 1709
3513 8350
8627 7734
8246 8259
4471 9457
1247 4048
7886 17
4201 7119
8587 3087
8655 6922
708 5783
5221 8012
5728 9914
8351 8833
3234 7224
8614 7073
8047 8394
4982 7784
9787 1291
9187 998
5521 1254
6614 7174
6118 4607
3968 3822
4180 8339
7875 3916
5620 6882
3552 3393
9869 2476
6401 8573
6333 2426
146 2573
7844 407
4655 4584
1813 9837
2233 3511
3902 8286
502 552
2212 8549
5336 1827
7257 5480
1118 7825
3584 8676
1295 2019
413 2758
7258 4116
6579 7778
8830 720
1967 254
261 1513
8830 4673
7096 519
4727 5190
4950 7303
4848 476
9802 9506
97 6376
6041 9913
6211 4435
5499 9539
8535 3099
7756 621
4001 3708
7531 5457
2818 9593
8568 7294
4047 427
2367 4366
4544 3838
4814 7117
2769 1188
6689 3080
5170 1835
7832 7961
3160 5926
3083 1478
9356 4718
159 3851
1585 8543
3637 6298
995 797
1410 5514
622 7400
3178 9277
338 9555
736 9591
4109 796
9015 1228
6455 133
6446 7204
7548 4961
5339 6589
6345 4143
7351 2656
9800 1571
564 4098
9105 8921
1347 2236
6623 3387
3639 4568
2853 4460
4523 2394
9785 6811
5792 8232
4719 8779
7859 8517
9314 9272
7376 8916
5443 7429
3692 9904
8416 5176
3698 7092
4567 6094
517 900
1130 2481
6751 8593
4467 8717
7776 1778
8407 332
9811 767
2825 9418
2731 2113
753 285
9175 3329
6354 8746
5455 2462
6953 4464
1211 7542
6410 1302
3122 8848
6067 9884
6157 6358
8359 336
2263 9521
7162 8035
3053 725
4999 4549
7831 7500
8068 5853
1462 4855
8192 6535
2717 2034
4038 5565
2880 370
387 2072
956 2069
8504 3833
9971 4692
365 1160
9384 3947
1133 6938
4841 6131
9800 1688
2212 9347
8906 2652
6012 4779
8043 9738
9540 2597
2060 9885
3512 113
8284 1330
3042 7705
7901 1349
7331 6045
3354 4915
3576 4193
1458 9148
9875 882
4680 1904
7118 3778
7720 2918
6361 1140
148 2514
5688 8186
7323 9340
2687 3074
2943 4725
4174 5857
7725 2284
64 2358
6673 8733
2107 2030
6011 3936
7500 7812
9598 2586
4177 3575
4972 5346
9096 9763
4054 8394
2987 2482
1144 3309
2591 292
2654 2558
8297 3997
7871 6731
9773 5572
2157 7584
4008 2998
6530 323
8341 9835
96 4123
9453 8151
6431 5277
8538 1284
1153 8114
7167 9094
4891 7584
9624 8303
8596 5985
352 2794
3043 4474
773 787
5523 6432
3912 4262
2954 946
2114 689
3830 1064
5699 245
739 9355
1516 3494
4167 834
6186 1315
776 96
2786 4515
9419 9998
4141 1372
4921 1146
4238 1928
5438 9506
2159 6066
5314 5248
2355 1240
7166 611
8927 9912
6384 3743
258 6984
2719 5911
452 5108
4977 9363
803 1712
5355 7014
6771 3505
5507 9037
9286 7162
694 5789
5672 2669
9702 6650
7586 8150
664 5566
9715 8206
8445 7140
9234 9208
5140 4173
4801 4995
8151 935
6693 100
7037 7009
7292 2173
4613 2626
379 3960
7248 1667
6213 9472
7324 8208
6497 8617
5745 614
9789 9227
7359 5604
5857 6528
3814 3634
6754 4469
6254 2258
467 5125
9018 5892
2763 9636
7600 142
1705 8709
2769 9617
8707 4487
2030 5742
8881 4606
7811 6427
2737 2252
3615 7389
7768 4350
5593 4522
983 4968
1102 5808
5347 570
5497 5382
7027 9514
7918 9842
9987 3303
4055 4108
5400 6874
9842 9100
3414 1725
9942 9126
6116 505
8299 8413
5687 6874
6544 7616
9105 3930
5043 3896
6726 4560
3573 3047
2239 7469
6853 1317
563 2076
8546 434
8727 5074
6919 7397
4404 3499
1640 7866
3243 9714
979 1748
3875 6874
1956 3878
8296 797
3811 7266
6082 1892
1388 694
2587 4911
6922 7490
3751 2285
5185 3950
2249 4883
7423 6251
3851 5141
5206 701
8482 7974
146 900
3996 6255
462 5599
8336 5552
9340 9539
3706 540
5685 2544
8946 3096
4054 5938
3604 2256
3869 5823
4695 2300
5453 7116
5971 58
5935 4104
6218 5955
7986 4148
4995 5333
77 2896
9419 3579
7952 7900
6844 5730
2495 5354
1627 6130
1647 4911
4730 4456
1259 4260
9270 2379
2126 5144
721 6614
2390 6657
1763 2196
1280 9060
6033 776
1484 8916
3064 2258
9439 3740
9946 870
9514 537
1461 9318
5287 6926
5561 4495
3597 7346
5398 3826
3084 2688
2145 491
895 101
673 6608
3937 8696
7890 4044
5051 7598
2042 2935
6831 9967
4596 1928
7683 5260
9327 514
4296 3876
7944 4177
6057 1481
8074 4226
5410 3004
5520 3252
410 8094
9522 3334
5354 9938
8043 7662
2430 8154
5734 911
8943 2427
3595 7198
2287 1322
2873 9218
7541 7610
2110 9178
5351 5493
59 4879
4661 9335
6719 4812
7781 1710
8522 1650
1740 8751
97 716
559 1719
1873 5411
6953 9253
6611 7204
1440 7915
1679 2257
3607 655
8424 8947
8097 4015
682 6380
2168 6016
7186 9557
6390 3016
9195 3965
8455 9883
5334 7301
3240 6165
8412 9776
5999 5556
6510 7681
8295 633
8189 421
290 5158
4701 7546
3858 3160
5805 6807
5399 6348
6337 4455
5857 5252
7918 2108
6981 965
5475 1106
6206 9193
446 5061
3962 9207
4647 1684
81 7603
10000 5635
1450 4130
7675 6387
1095 5508
8344 8288
3791 5530
9102 4823
389 2637
1800 2213
3192 5063
9761 7876
2941 56
5028 2078
1379 3443
8086 143
7464 486
2532 8896
4577 9950
4620 527
9663 4986
1593 3241
8198 2562
1082 4576
6237 879
8 8358
7668 4194
6691 7259
3441 6106
7152 9657
7868 560
8572 4977
6397 434
2581 2979
8964 4595
690 1941
6772 6183
15 6207
6973 7230
719 9930
9718 8816
8934 8398
8113 3583
3244 5851
6435 1445
4763 1286
2712 6823
6186 1105
1828 6159
720 9159
9882 4580
6610 9667
8119 6627
7431 5461
4760 3043
7470 895
2473 2225
6192 9712
9516 3282
6477 9580
3369 1097
2227 8413
942 2624
6284 5921
4525 1283
1105 4221
5103 143
6314 1182
6650 6813
9839 8612
992 6769
4988 6203
1190 224
9285 9645
9826 3175
8132 6938
7052 3952
5559 386
3577 2396
1814 8556
3865 8792
2641 133
1389 7973
3477 610
6189 9729
9355 7248
6847 8321
9988 5140
1915 7994
5101 7455
3440 1059
9717 9306
590 5065
4249 4957
336 4718
7043 5066
8064 2493
3538 7658
8471 8207
1468 6416
5629 4753
1777 1489
3854 6126
8441 3494
7502 8125
8612 4610
2524 1108
9123 3879
4389 4885
6162 1626
9876 4543
6318 394
6313 5838
8772 3607
9367 8208
8222 6876
7569 8554
5052 9241
2921 2833
450 9171
5030 2437
2295 156
603 8189
8842 1590
933 9021
3331 3555
7337 8644
43 7824
5513 3626
3728 8432
7071 8962
1351 1890
6187 6566
4853 8769
7776 6978
2731 3108
4822 595
2760 9476
584 8162
8158 1625
7151 1747
7192 8415
5056 2264
4392 8818
5080 230
1066 4045
7092 2667
5988 6938
9523 4835
4704 5827
4331 9215
1848 4193
2688 4900
2374 927
6419 6608
7787 877
6216 5613
9119 8861
9903 1658
3824 7850
5439 5270
4123 3431
7790 8840
6180 2248
1600 8584
9684 7405
9152 9534
4261 4285
7289 5388
5146 2213
1963 4635
686 1586
5524 884
2463 1459
160 7321
4334 7697
6987 1151
7634 6493
9436 3831
8522 5588
6344 9143
6099 2339
6753 916
1068 1632
9348 2903
6663 4671
8243 581
1197 4569
8043 5082
7484 9026
894 8471
5590 5972
2635 9220
7896 6502
6267 8441
8752 1547
2591 2377
7930 96
6358 5417
9963 470
5064 2319
4121 2052
6389 7225
8688 6605
2411 6326
5483 844
7050 8915
3220 4789
7753 5661
9752 8556
3792 6989
5130 5006
4631 2052
4430 6984
846 8325
2192 5317
2493 5781
9047 6692
7875 3184
2724 3080
8679 8105
7371 9439
5307 6651
3296 2072
9348 3848
5759 1763
9654 2777
9166 2738
3000 187
1809 2306
1585 5709
8174 1585
4675 8494
1268 313
5564 8787
527 1900
2311 3949
1407 2778
7170 470
6939 3153
4197 5544
5077 1808
195 7203
2246 5715
8819 822
8084 229
8311 8547
3943 4068
4315 6070
2646 4368
1224 2013
9560 1502
4421 1012
7951 6358
7040 6071
5768 2296
3471 1250
1196 9479
6635 3685
498 9664
6429 8969
2379 2454
664 6849
5183 6978
7907 5826
3149 3756
4243 936
7001 1466
1574 4770
6433 5289
5396 7457
4750 3580
2858 2811
9303 6428
2228 3190
4831 9951
7025 279
4896 2672
5132 1716
3071 6862
1372 9016
2399 5556
9283 1665
1843 9877
9177 2258
3752 9899
7008 2808
4249 8222
2014 8790
4257 7960
4652 7227
4453 3844
4560 9090
5323 3000
7074 257
3315 8275
3509 2610
5979 3252
399 3494
7670 7032
3054 3632
841 4370
7174 4805
8508 4049
4452 3860
9561 1259
3695 7520
9283 5751
168 4035
6996 4818
3215 595
6024 2001
9047 4114
9200 9098
3970 6617
9737 9431
1054 4663
1365 1150
8989 9735
6382 7049
1443 140
3128 6565
6085 526
3797 3822
4942 4688
1748 1843
7485 8506
7727 6293
4333 4140
7120 8532
4580 2048
4187 2107
398 9336
990 1097
1586 7993
6888 5733
7905 6078
5041 2576
3685 6963
4588 8825
9376 8311
9206 1207
4527 6554
717 9287
2194 8186
2228 6340
6108 9813
1403 1839
9351 2468
5343 412
6576 976
5076 1690
7171 1454
5993 8241
7015 63
6313 8835
23 9096
8613 3506
6484 7971
213 9080
7600 819
7040 3491
4835 4251
2335 3711
977 9123
2980 8919
6392 14
7477 4936
6071 6889
8214 9242
103 4894
7010 9049
2210 5413
3022 6630
5770 7908
7566 7471
4660 1835
6457 4475
9625 7887
4581 7181
960 3717
4183 59
7262 6070
4235 6374
6717 3339
6819 8956
819 1162
4112 9930
5675 7231
5105 8721
6949 4349
8630 6042
8254 2406
6826 8187
7743 9330
783 9970
9236 6448
552 7057
6390 2613
1886 9898
5622 7426
5758 8251
4260 5854
113 841
8018 245
3168 8985
2059 3970
5371 975
7963 1331
5303 8709
3392 60
9637 245
1711 5566
7324 2049
5073 8199
4141 9568
6086 6691
3302 2770
4307 917
1292 8152
6823 4438
7958 7565
9552 5122
3835 9484
569 6088
4047 5334
2816 2964
7870 9685
5723 4652
3335 7156
1097 3523
3081 1155
2109 9639
6606 1982
4592 7680
228 5779
1770 9317
4223 1572
3348 4226
8393 3683
1591 7637
442 3454
5456 7834
5146 3065
8083 976
3469 898
7066 3200
9994 3286
2958 5266
2001 3187
8412 8582
383 1490
2591 7221
9918 5504
6830 1311
7067 9207
8459 3411
1156 6260
1638 7676
7635 2580
5576 7550
1867 949
9536 7376
8746 3235
8 8594
516 2298
8675 5797
4048 2874
3683 5055
9834 4414
5278 3876
4070 8285
7713 8001
2018 9413
4870 5293
1099 3217
6096 7828
767 4770
6068 1235
6909 5672
7113 2310
1634 6040
1880 5277
1989 2794
9835 1041
8328 517
2982 1096
8873 4626
4580 1328
2059 3127
8756 2086
8925 739
4741 7030
60 8633
5209 9977
2110 3635
7565 7101
2958 5861
1380 8446
7320 5266
3701 5360
968 9503
8042 6092
6487 5192
5733 3601
357 958
8324 1361
8379 5830
6539 3225
3291 2774
648 3782
1269 5766
7723 9920
885 5281
6516 6101
827 3369
831 8253
3410 2920
1241 2305
9874 1403
7895 9219
6467 1141
9343 7087
8379 8745
2268 2954
722 3804
3375 134
6759 1342
9491 6846
8554 4571
5982 3821
6700 7126
386 7468
7921 9161
408 6809
8344 2925
2799 7614
2305 9529
2421 579
8418 7461
1569 9372
4320 8676
8059 689
1709 4772
5364 845
9216 1023
2484 4520
4891 8724
4761 9729
1552 5214
6543 5243
7387 7181
2400 5650
2277 3736
6828 3871
3722 8947
6414 3510
599 3916
6418 7266
3789 7635
9165 1619
6916 123
7262 257
8160 5716
657 5616
6152 1263
1999 7890
5833 4876
7315 309
3728 9165
4447 7583
7746 84
9269 7628
7009 9542
1099 2963
1898 5903
5938 46
2988 6586
2932 5392
1398 978
2803 6767
9709 6605
9011 5295
9275 1353
8045 2868
4291 1421
8909 6637
2656 2665
8978 1831
6361 8657
2292 8039
1174 2063
1010 4182
3428 6364
1671 7901
1343 445
1256 5059
2836 1260
7060 5560
8531 7730
5445 9212
6664 8814
7070 303
4499 587
9426 8030
1964 4372
4226 4150
7499 466
8881 3314
9766 2767
9473 3592
9233 9752
808 6681
4738 5204
9134 830
862 344
1991 4622
5304 4747
9701 1800
703 8447
591 8139
8199 7094
4175 2295
99 9191
3503 2764
4887 7463
724 105
2382 7447
4021 59
8150 8863
4260 5127
1032 3465
963 9026
3468 1570
5449 9608
6843 1922
6854 205
7983 4818
8912 6132
413 5425
8571 3367
7395 3649
2608 915
9603 6465
5668 3441
8857 7358
6099 2904
3098 4703
6648 7860
4882 433
1936 546
4995 806
9375 9200
8565 1227
1632 5770
4768 8717
3932 346
3395 7914
9272 8047
6870 9684
5070 5036
1 9649
9105 3456
4525 4520
8106 2609
2463 1254
5393 3599
1084 7664
9735 7454
8245 5560
134 2136
5411 3464
9265 1578
2647 7888
3323 9838
3802 6620
1268 29
1099 3732
7157 7896
1534 3207
2736 2948
9409 8625
5256 8900
1247 3545
997 3303
724 5308
8682 7642
1488 9001
948 4012
7961 8528
6390 8312
4371 3619
1475 8021
4220 4896
2139 3417
587 4828
4633 9887
5593 9950
369 6280
4809 946
4964 8667
5407 4579
4412 7124
5818 4417
5078 1419
5201 9563
8598 4059
5093 9483
795 6356
1107 5129
5125 5713
2879 7837
9896 3839
1287 7436
4110 5489
6482 8016
4035 9074
1732 9548
5845 8579
9039 2862
9992 6754
6712 1343
7995 2510
8061 7181
8395 1733
8887 6805
559 4561
7741 2189
7190 2350
6826 3826
9696 9857
8244 7258
978 7384
3571 6945
3351 2633
9854 5658
9421 109
6683 753
1831 6546
1356 3246
958 1402
1816 8688
761 6916
3282 5973
4695 9571
3567 3661
1973 6002
8856 7084
7043 8876
6158 3140
5764 8185
4460 2099
1870 5472
5080 8656
3746 5353
8445 5032
8886 7627
2215 8694
7848 9191
5632 470
9967 4772
9116 7445
53 5730
9563 4640
4749 966
9848 8148
7951 3109
9235 4396
9491 5739
8994 3774
9047 2952
9790 4814
676 7727
2978 4333
7959 1091
7807 2283
1301 6720
9432 3811
2070 1973
8734 4239
8147 8426
5850 9493
5999 7596
3118 6255
1144 7074
6944 6468
9228 3045
2993 1952
3400 2927
6672 6214
6783 3906
408 2174
1209 2541
5601 9077
2852 727
4318 5184
405 3368
5030 793
4782 7583
8287 1656
9195 8577
4895 8030
33 4446
8132 4976
310 99
5594 4776
8466 4686
194 8777
9947 1437
8582 2924
2877 9765
5323 7057
3826 4195
7058 9604
4493 297
1633 4600
8090 669
473 2591
7144 7352
8754 8983
8488 8655
6900 245
7581 7011
9522 6826
633 1294
1054 6641
9395 1243
8964 8036
747 4287
6631 1791
8170 8314
5378 8445
2242 9039
4691 6009
7013 736
9320 4325
7291 6514
5731 767
7742 7404
5271 5276
5836 6380
9222 4514
8718 5029
581 7124
8835 7736
6982 4643
6657 5324
5712 9513
3064 768
9766 439
5661 9824
5365 9556
9085 5059
3564 5646
6684 991
4066 7398
8168 9843
8672 8047
6366 422
2172 2435
1474 6556
2091 2312
6679 9298
117 174
735 9002
1263 4950
3391 5978
713 4564
8550 9645
6677 1269
5470 662
2282 7160
2222 6545
8662 5910
651 4250
5304 647
5695 4252
4603 8152
8952 716
5406 8450
6689 5832
9490 5660
7039 8504
6741 2229
5597 5212
856 4136
2456 5224
4604 6286
576 1142
5920 3040
7763 3690
4773 9920
6972 9016
6806 396
3120 8601
6246 9735
6540 361
150 3611
8328 1697
7294 7225
3229 3665
1081 9098
664 7785
5635 9806
9054 1767
4487 8245
7779 5506
4115 1162
9307 1448
4705 4769
9645 1146
2250 7476
56 7495
5843 1866
180 2934
5797 6820
654 5796
1684 4029
7159 883
7841 2310
6300 8948
1003 9572
5305 9059
2645 6236
3267 8355
8826 5590
5690 4056
6948 4235
9921 1203
2938 5901
8429 5479
2271 8274
4808 7822
7103 3508
8467 9405
8591 7669
7435 2301
7030 9993
2506 6446
3561 7467
1948 5826
7591 241
3677 7462
8364 6254
4124 186
7932 8481
722 6153
2326 5033
1435 5706
8231 9645
7599 8278
8452 8836
9239 5256
4411 6656
4340 7686
8281 9617
8683 3029
7073 756
499 7070
1725 5211
9529 9037
5014 2667
7090 7521
2406 1804
7815 8810
8050 1058
6036 4390
5997 8661
9714 4677
156 7120
892 5330
4117 7029
3675 6360
481 8685
6264 6977
7962 6605
3287 8795
9162 1546
2275 5072
3703 1550
7718 5701
912 1974
3 6486
3893 3369
7283 3368
9108 12
6191 9130
1351 2301
315 1981
37 9549
7512 402
6966 3605
8 651
9653 6533
3462 6612
3004 6377
1448 1397
9632 7808
2086 6706
4819 3141
68 1786
3380 6172
7338 777
4321 1398
5945 6092
7849 3064
5838 3183
308 8398
9917 6099
4039 136
3160 5220
5608 2032
271 2769
5771 9265
9947 8110
7778 3456
7931 6300
1275 7604
8644 5844
9875 5956
2907 4788
3275 6051
9429 2663
9184 6232
2285 2349
1687 7696
6645 4012
4192 4108
88 740
2919 441
78 5401
2891 498
9134 9457
4542 7732
3221 8482
8764 6992
6000 8536
8680 9958
1994 4620
9436 3646
1262 7577
1216 8877
3789 6299
2352 8287
6021 2052
4712 4501
2922 9266
8772 6885
8432 3830
9952 8277
9246 1639
1949 9677
852 83
676 2641
1241 868
2885 3372
7053 3832
763 5952
6699 3947
3502 9317
4754 864
6443 9269
9475 7198
6193 7467
4775 7670
7635 6172
4683 2337
5461 2933
1755 7822
9371 469
1734 1877
341 5316
9251 4847
5852 2738
800 8358
7069 648
14 4278
2104 7614
2786 1961
4673 3874
491 4541
4430 989
7234 8367
2888 2836
2718 546
255 276
3565 3540
2958 2294
813 8643
556 8381
5702 8486
6691 3968
520 10
1407 1159
486 54
7711 5439
9749 8723
272 1453
778 3293
7161 6838
6189 5236
1712 7984
4558 9867
5411 8988
6789 5295
8304 1380
3659 3924
1392 5792
1067 9039
7411 4419
6393 6693
925 8166
5026 4724
2777 7398
3343 4218
8 8830
9846 8718
5791 4292
3677 7107
2029 3894
9683 9315
9078 5933
7782 4196
7903 1709
1265 3605
3973 6104
2617 9050
6229 6701
9295 7438
442 4134
4125 5568
2469 9446
7242 2671
3379 6341
5794 9375
7338 889
9446 4449
5591 9560
1042 6214
9187 6902
8415 4420
6025 4200
7096 5671
2672 3303
3480 444
2909 8297
9316 3281
9210 9805
1458 9739
6568 3518
1961 57
6453 1514
3929 2635
8705 9325
7909 4644
1260 2210
7767 3353
709 7479
2499 9507
3135 3558
6165 9646
3689 6176
1646 4150
5129 6410
5544 4826
5154 9654
4106 2908
4669 8364
9392 2162
2221 8961
7106 182
4486 3838
4763 7848
6336 7336
7203 2139
5833 9826
9065 3587
111 6446
8142 3209
8988 9852
1212 1304
4143 728
4568 4542
1851 9395
9506 7614
7877 9969
2405 6208
2321 5575
7827 5747
3555 8552
4271 6445
3752 1313
535 2966
511 8335
3070 7388
8639 9171
1785 1932
1463 90
3835 2107
4561 4475
9035 6702
620 7146
4500 5818
1780 7129
2611 2084
1641 773
276 4400
1821 9011
480 5746
7916 4890
3075 5303
5790 1973
2952 6279
8211 4449
7846 8472
9986 5797
1250 1742
671 9719
1241 3669
7880 1428
4419 6597
898 8935
5462 8311
1795 5692
3800 8488
5797 2617
1542 9577
7545 6556
7380 4601
183 6631
3113 9120
2424 485
1251 9033
5551 6587
3938 1357
6664 6495
4555 3283
8520 1779
2479 1389
3520 6073
2017 6710
7280 7258
9752 8018
4858 902
1363 3767
371 9418
6413 3811
7513 8603
7355 3761
6593 7456
3479 5265
2144 4299
2917 3257
4069 5389
5976 1574
6494 3197
5874 3441
5928 2815
9908 7760
9197 3873
870 2878
6139 6366
5772 3173
1468 1096
3338 6549
9140 69
8735 2263
5823 8388
7354 1684
2450 5273
6070 7648
8092 8215
1727 9436
6169 4796
2019 3625
7320 25
4457 86
1445 6875
2249 7687
5604 1414
9610 3337
6286 2247
4875 7681
9317 9327
5740 2006
244 8658
5970 283
1941 4289
1331 3943
8699 6970
5116 795
8218 6930
5625 9730
2048 4204
7274 7026
929 2936
2363 8177
7062 6053
8682 9343
2171 9216
3784 5996
5877 5573
7953 8043
5622 6004
5412 392
2000 3771
8897 7869
8381 8848
9148 3159
6137 2331
6560 1851
3762 8120
8216 5707
2327 5623
1014 5079
5949 4113
9939 4818
2476 9466
5686 9449
1204 8290
7351 6759
2649 7113
3335 1077
4033 1442
626 4516
6098 8337
3399 3260
6640 6435
4475 6829
6045 2884
2907 4731
5015 9260
4515 4749
852 724
3586 8170
7276 503
2854 8083
2669 2537
5713 9107
779 9755
2732 3188
30 6413
9403 2092
7878 2733
9898 4637
162 7224
3448 4841
7836 7364
7794 5180
2293 3875
5388 3907
3004 212
1928 6502
6502 4719
7985 3565
3082 8052
3448 8546
8124 7145
9491 7462
2211 1420
9511 5855
2686 5216
3856 4034
4906 832
1641 6522
9858 1731
1641 9912
9489 9119
6792 7290
476 7116
2803 7376
1670 2169
4705 8498
7839 4213
716 4177
6594 9982
3118 7171
9858 8811
2131 97
7589 5234
3911 1219
381 3625
7628 7924
5369 9724
1164 1241
650 6551
9996 9693
7716 8785
7454 8231
2849 8807
3865 8935
2843 9163
9116 7473
5826 7950
9133 3991
2045 1456
3716 5341
7126 2660
801 9049
8419 3020
9993 3639
7084 5954
8468 1056
3190 8536
8263 5906
694 7139
2890 4751
3215 18
2888 2363
1901 3694
7755 2608
8287 1925
2674 4347
7961 3630
8666 6800
9005 4062
1972 1130
8491 9259
137 9278
814 8053
5823 1625
9064 268
8883 6385
2292 9629
975 1279
7150 7013
976 9650
2751 9346
6018 1963
6894 6166
148 6616
228 3077
1065 3177
7095 5053
654 1790
4863 2944
5641 6573
2810 1522
273 5723
9120 3883
1766 9669
5592 6958
4776 4572
7917 300
2818 4044
1643 9052
5373 9371
7109 9751
1475 3102
9652 6813
3898 2164
4770 6077
3778 5457
6125 5873
133 6114
4018 9494
2830 6061
1104 5694
7204 7034
6309 861
7926 4738
1981 9587
3952 7842
3277 9673
480 719
928 4849
5841 9119
6327 2649
9728 326
9578 2810
9663 1040
4513 4261
7920 4069
2384 7176
9284 6179
5968 7152
5898 4300
9810 4129
2721 5209
7706 9507
4479 905
9878 3237
6158 4174
6288 754
4702 92
2946 5337
3221 3558
6611 6515
1237 7019
601 2250
1913 5345
6647 8827
6726 7671
6201 1806
1838 4912
9861 547
6034 9892
135 4943
8635 5895
1256 5842
9562 8552
4347 372
8174 2113
2723 2689
2204 4789
5190 4143
9119 2599
1850 2961
2327 9628
4235 9356
1158 1635
1593 981
8090 3336
7957 9657
4100 5693
5302 6661
9265 2149
7454 9941
4133 9363
2868 854
7879 5018
5912 6756
2076 2816
2453 6781
1414 7818
8437 8771
29 7399
9201 8362
8303 2146
3143 130
2407 6730
6006 6791
8294 3107
1774 856
1644 8194
29 8781
2659 213
3084 1945
6354 6630
5434 41
1166 7052
6806 3456
5303 7579
2111 2589
3169 9038
8062 7020
73 9740
4219 5597
375 6735
7828 5959
6984 7692
6615 4768
2590 5067
3357 6063
2085 834
5542 4724
6035 3185
6509 2386
8934 4926
3440 1023
791 561
7695 103
6004 2889
25 3323
496 451
3851 8825
355 9351
9371 9735
3047 7268
3895 7701
124 5427
4521 7900
7542 1243
3928 1672
7923 2087
1684 6723
2968 2706
5172 5678
326 9884
6858 8556
1054 8183
4027 1837
1854 497
856 2455
7507 2600
7478 466
5723 2912
2332 385
4764 1108
3418 1470
4783 382
3448 4005
2255 3340
4571 8592
4141 9864
1590 2028
5471 4617
5920 1581
5934 2004
7003 9729
2066 2472
9729 831
5306 5357
6757 5773
4808 967
2589 6044
3745 6857
548 3917
4185 2083
6017 5146
7478 5284
1010 5824
7456 4354
1714 9639
5877 8720
9873 2983
5467 3310
6152 7789
1440 6194
3671 2163
2862 3728
2796 4056
4758 8697
3676 6818
3231 6609
5372 3232
423 9951
1223 48
2118 9494
3593 8081
4661 2995
8286 4466
5538 1440
3248 98
4466 8916
5490 826
3267 3969
5721 4352
1856 2527
7777 8107
4958 8528
9778 1839
1032 8574
6492 4747
7493 2056
1726 8369
2188 6761
5935 6834
6595 5893
4873 6170
6177 2706
7679 4260
1239 1035
8855 9784
6453 7695
7521 6695
586 36
7105 4438
9629 4761
3356 7908
1675 5630
4220 2319
7944 4150
3355 3977
2628 9238
7632 7672
3066 6410
2518 6326
7382 6322
2671 8259
3940 1043
6744 8234
3081 7741
5581 1645
8678 2613
2273 5606
7176 5273
1843 941
9088 6299
4616 1995
2221 2660
1847 9531
6251 3962
5822 9197
8158 99
5548 1298
3006 9934
8463 334
4158 2889
5082 3068
1495 9017
4218 9758
7352 6884
6159 4459
7839 1065
1530 3959
5061 9529
9790 2353
4840 7402
1877 7912
6200 5636
5880 2218
3023 9030
8980 8826
6071 741
2452 4519
7521 2502
6756 9632
9894 48
348 627
7664 2980
8141 1262
3133 4432
5448 5856
3791 233
8750 7590
4125 140
1968 422
8440 6312
4764 3628
2391 8689
7456 3359
3964 2989
5296 5006
9352 1311
2885 855
8499 1731
5343 877
688 3279
2387 6137
7878 347
8123 2135
5629 8637
5240 6468
520 8985
1084 8802
2064 2234
5271 2382
3304 3222
4666 5180
5952 4184
6570 341
886 7101
9776 8744
5525 794
5444 8680
9973 543
9946 2971
2014 1488
9437 7149
7612 2813
9305 8404
9 4206
6035 922
596 6262
9493 3363
8504 8229
7025 2442
6486 9613
7860 9063
7891 5088
5917 4020
9165 5700
6831 811
8058 7496
5977 172
1135 4816
857 8154
4244 5981
2178 4211
3764 2836
5832 7274
472 477
3771 50
9113 9570
6760 5592
2395 8829
4824 7517
4200 4544
2102 9135
289 7718
8523 2074
2311 254
5853 5544
1190 8840
802 1846
1523 8418
3557 8509
4630 7441
7262 2479
4499 2434
1225 8145
2263 8616
211 7709
3052 3245
8895 4679
4803 8623
9621 628
3217 8400
4614 5613
729 1610
9898 3342
8931 6457
8144 7103
2509 1164
3204 8521
4207 2505
7194 1642
2336 1390
3005 1849
5060 2070
5639 3026
1754 2690
2665 2466
1420 6691
5741 267
469 9248
5578 1648
8478 8912
1023 304
530 6958
9190 9350
83 6982
3657 2878
4854 9302
5814 6996
9239 916
8317 7726
1743 9139
9258 332
1520 427
7473 3394
7901 3472
9909 2939
6810 9976
9752 4113
6142 1640
6727 7991
2416 7634
6879 9420
8185 4620
4883 1371
3865 174
9414 3594
2168 4085
6198 3267
8143 5826
5332 1114
5115 6370
5373 5640
871 816
8158 7762
7765 1350
8614 9723
2287 8569
2899 6645
6561 5252
8475 1052
9812 2340
9735 766
1196 2462
3267 2333
536 7228
9658 6548
9695 5742
6051 2944
7080 6829
3833 1444
5517 4345
6856 3623
4186 3267
366 3937
7450 867
709 744
3333 4974
8116 1389
4158 7007
6480 3936
1448 8011
5725 7786
2564 7899
1011 2415
4 1479
7149 9917
1223 59
3037 8653
6546 9167
8323 7941
1699 77
1432 9891
2700 145
5049 1381
8577 5444
1164 4196
7462 9203
9764 1791
7871 7519
3718 1469
4968 5053
6426 2945
9376 1786
564 1382
8509 959
9463 1637
1603 6148
8395 8435
4784 6352
8488 2096
7010 107
6168 3839
9532 338
435 1785
9547 582
4396 9258
6661 3377
4374 2132
7678 3522
9896 4914
2517 4412
4980 1139
7488 1169
2230 8851
5956 3469
4632 1051
3593 3913
4095 1994
4948 2737
7406 6255
9773 5449
8603 6849
4200 9700
3448 7454
4841 1790
3787 2290
6655 5226
9150 998
1962 2467
2639 2023
3709 1456
5479 6159
8123 3573
2137 3360
8342 8608
4826 8188
7078 8795
5005 1717
1895 7180
5530 3497
1315 2427
2804 7152
4155 1173
2481 8476
1229 1744
5375 3000
8445 2396
8584 9403
9754 28
9178 2035
5242 8667
5535 4675
5815 6113
9385 8182
3783 8155
5509 3181
8495 6221
8073 4330
2339 8781
9489 7763
6335 419
5021 8022
5185 6030
8182 3424
4520 8659
2529 4188
8972 8683
6356 5753
9832 5
6886 5134
9183 5107
2962 1143
8845 9921
904 6886
777 7522
5773 4425
8182 6425
5690 1135
2262 488
1130 9312
9111 1987
2481 4136
4274 9626
2944 1988
5073 6154
2290 6936
8995 4926
5119 5438
2425 45
9973 2187
6031 7912
7906 3119
2454 4499
1543 4732
4085 3608
7653 5067
1348 4714
8969 3573
6310 2355
342 701
1882 3530
1299 9620
5631 3541
5373 9676
1604 1965
5880 8805
8172 4460
8454 7426
9284 418
2233 1290
4167 6779
3249 7284
7324 1055
1437 5285
1378 212
6662 9651
1771 9601
3949 5320
5910 3808
390 5863
8347 6083
8347 8231
8403 6266
5969 6425
9222 6706
5452 8684
981 4259
2261 2911
1765 621
3264 4323
4224 3778
4834 4620
4747 1655
6432 7051
5134 585
6586 3805
5555 2334
8500 5068
5539 5029
7326 3129
1484 4886
3446 1859
8219 4774
3922 9412
5968 9025
1908 5436
2666 5395
8734 3747
7286 8490
8746 1237
9030 1369
1350 5368
6898 2787
8107 4282
9230 5763
6498 3222
241 8421
4431 1829
8291 702
3165 8636
1511 9698
9856 8976
2492 7887
9276 653
1270 8096
7243 5868
5863 2163
7729 6409
7375 1043
2203 1688
1339 2831
7970 5130
3747 6007
2723 9017
5422 6408
6449 7792
9698 8409
7801 8829
2539 8374
7885 2106
873 1563
4320 4838
8474 4946
495 2465
3295 9681
6739 3271
3421 8428
2629 8903
3335 616
7221 7276
9526 3505
3786 2639
6303 3995
8905 374
2608 4649
2526 3015
514 4249
750 7476
2033 4910
9061 7159
513 8910
7201 3977
7241 9792
3162 2895
8216 5105
9608 5628
6991 9565
5999 930
1918 9492
1550 4503
206 6099
165 7377
7888 7525
1982 6793
6077 4420
1419 5194
7006 4125
6390 7444
7712 4961
2779 2338
9288 7922
875 4348
2524 7239
5307 3828
3311 7803
2206 122
9515 6099
2244 7491
7253 8384
8857 5077
6162 9880
5471 1974
3209 8376
9962 2005
7501 647
5079 4972
3207 3341
3232 5030
9390 2356
8769 5191
159 5384
4736 4432
1500 10000
424 402
9110 922
7904 568
6414 7595
2557 1983
9494 5509
9788 7106
3005 953
2776 684
7884 4308
7759 2781
7219 5629
1580 3008
4561 1797
579 2961
8336 146
2435 8142
8899 5101
9193 2752
1962 7552
6729 1257
8127 9919
3431 7983
4711 4835
3871 3798
8497 1736
5592 6473
3339 6037
6344 910
8046 3658
7737 3218
7357 914
6829 5082
6944 5763
7972 6551
4493 8004
7890 9305
6877 6215
9758 6585
549 8045
6221 5788
226 1544
3434 5754
1856 6355
6180 9327
8672 7793
8982 4262
6477 1355
612 509
3708 9040
8030 1761
4977 2712
2747 966
4854 4063
5460 9261
78 4537
8789 3441
580 5995
1865 5780
2310 2184
8598 4406
8770 1070
7100 6474
227 6957
742 121
804 5020
8520 3180
6163 2156
3118 3990
502 3986
8650 2579
4806 6138
145 5836
3850 8058
3739 8200
3876 8265
4887 2651
1809 5054
4044 4340
2608 8654
7304 9593
7279 2983
4409 414
7922 3999
7733 5025
2064 8631
5611 5872
4108 5053
8272 9534
9219 8198
5588 3777
5616 780
1098 1374
4997 5506
2771 2110
154 2143
4708 3827
4320 934
8033 6348
1539 2264
3216 6183
2541 803
1777 6239
8238 2825
4605 929
303 9076
2892 501
348 893
6914 6270
5473 1436
6536 5102
2701 7017
8563 6534
4013 4261
5063 6667
3053 8130
1705 7103
5048 4228
930 6498
240 6843
9145 6998
9799 8952
1649 5310
1491 9098
3914 948
721 6834
1147 4420
5970 3106
4875 6379
767 2728
4966 9045
7795 5655
7957 3366
5517 5796
7070 9909
1161 2700
3470 9235
3194 9112
1684 525
8918 9508
771 6669
7007 3063
4222 2700
8043 925
4522 5574
864 1515
1610 9576
3646 7396
7110 9281
4673 6015
7660 6426
9956 6006
4194 6389
1702 7550
155 3229
7157 1469
4426 7095
9233 1874
7167 623
7609 5911
2785 9786
3703 2402
9 6210
6188 3756
4315 2638
4565 6126
5228 2728
3300 5169
8312 1851
6622 5156
6630 1282
4080 1081
9353 3922
56 9574
3833 839
5599 9807
3442 1424
157 5422
1057 2762
2655 2329
8524 6170
9385 205
8723 4256
6254 7713
5045 1769
962 7274
284 8292
3226 1113
4674 727
9218 74
2840 8003
6949 8053
8667 612
6636 9074
9168 5873
7553 4354
9125 5520
4040 4137
6047 9140
5865 9224
7694 4211
1691 5413
1635 9852
3245 7792
4909 6324
3396 3444
5886 9327
633 787
2888 3760
5336 8503
6142 2030
1060 5948
94 5465
4310 7155
4791 1678
5139 8701
3842 3159
9769 4497
5170 5417
4147 4761
8970 6083
2224 1356
1277 8839
9924 667
6680 5584
5367 7337
7645 4993
6684 2368
6476 4812
9918 9455
5525 9172
6966 3030
5796 4892
6218 3576
4573 2851
6920 5611
570 4447
5163 8040
1945 8617
3971 9190
5906 3984
8618 5263
9329 2494
7306 2859
2294 6155
5592 3877
439 4396
9224 5745
7807 2981
8242 9432
5821 1362
4657 4026
9006 1549
8562 6244
2476 3356
4277 6261
1723 4480
1158 3465
7163 4272
4076 1986
5533 7061
5782 741
3193 4206
655 1414
4455 4878
4726 4681
5089 9678
677 5951
3330 4560
5988 3133
7220 5161
1578 3055
4487 8871
4907 4051
7755 6311
9137 899
2798 1596
4897 1145
2552 2185
8466 9599
1557 4764
6889 8178
8374 3151
4066 9576
3748 4472
2357 3565
7529 2270
8415 2105
6067 5134
4906 9084
7980 5331
9036 4916
2244 5860
1193 2313
7136 3172
2946 16
1411 5015
5361 1989
3869 9142
8280 291
3701 2496
1375 3135
2325 2118
2421 8184
6537 6723
6999 2061
207 5998
7336 9411
4521 5777
9559 1393
6030 7863
595 6432
4701 6664
5347 3297
2688 4566
5521 2458
8155 5005
3606 9324
8644 9512
3605 4278
9023 7707
2873 4361
4005 7371
6554 3560
2732 4751
6397 3253
1748 7427
8674 4842
3914 5522
3669 6634
8932 9095
1150 2751
5427 4043
812 9129
5130 8502
2467 1362
3936 1831
6419 6436
5775 5213
2194 2644
4179 6231
8107 8839
5272 802
3627 7209
8567 8536
2427 6039
486 2128
8753 4914
8859 9097
5545 4089
82 1643
6061 9250
5715 1716
7784 4377
3405 607
2984 9079
3723 7724
5277 2653
5301 7999
1169 8299
6586 8446
1002 5720
4433 745
7970 9209
6200 6788
3228 7615
3604 2407
9314 5430
7838 9846
393 2906
5083 3303
5949 2071
7079 9672
8920 4348
5378 8417
2788 479
5419 5444
7073 7990
1926 7487
661 8188
402 1670
830 8554
5067 4143
8247 15
8818 5750
537 4723
4677 2827
3609 4241
4211 9775
4916 8878
9426 6895
7564 3235
1662 3974
8708 6116
8290 8799
3292 6076
3212 6126
2021 3557
7730 3228
92 4904
3770 9904
6967 6357
7943 7593
7494 6461
6732 2852
4818 9515
8040 1776
3690 3345
7397 4520
1181 2645
7654 8932
1515 2798
5450 4012
6525 2981
2082 4990
4556 8009
3174 2660
6364 1122
1947 381
3914 1436
8329 9703
2740 5355
6675 846
5146 5494
8227 8447
8160 3319
7633 8631
4295 4097
5607 4499
1265 6038
2460 7085
860 1255
3123 2095
8267 5460
9982 8558
8091 7204
3800 2676
5412 6466
6588 3783
1897 6713
5051 9112
1468 9400
388 1867
3337 8312
373 4436
466 9280
6822 9851
8878 8531
3834 7533
6718 3418
6703 1350
60 9456
5874 2750
4582 9319
5190 1545
5224 7850
1601 7904
748 5793
4228 141
9353 7664
8423 7356
9687 3582
2877 7335
7568 4761
7812 9926
8654 3573
3355 8344
9666 9069
4880 2459
8715 1645
6189 8203
7752 6799
2661 3487
3395 3210
1681 2065
5103 293
3869 2384
6843 44
1954 1364
7238 4581
3471 6309
4242 3457
7630 1476
640 5111
937 1035
3279 7720
395 9512
1441 1741
4111 6295
3871 662
9749 1016
5625 212
5922 6532
8089 4671
8103 6332
1263 22
7856 118
8954 5769
8832 5985
6931 4075
8012 9875
5009 9831
1008 7108
1496 5132
8898 1333
5054 9125
3087 3429
6411 6011
6933 4685
8349 2765
5410 1097
3519 5267
9737 8036
8633 7785
5133 5273
6767 1666
8286 4638
1231 3444
619 634
2050 155
812 6937
2921 3439
1296 6857
1749 8991
5992 4882
6557 8364
4351 8031
1171 6379
8012 9269
7810 2145
4289 6907
1446 406
2944 1158
9545 2684
2849 6071
5377 6650
6460 1184
4103 3682
9477 4317
4303 6188
7263 4314
3488 7251
5943 5189
1513 9251
1959 4287
4485 2235
4785 5041
7547 5317
7908 7848
5136 6228
3287 3000
6982 3119
2916 4911
6164 5788
1884 9297
7976 2576
9968 5708
511 6083
6830 8623
3234 1322
1111 4585
9509 7580
1208 8395
7783 1869
6015 8062
5060 5936
2459 4961
5958 464
7657 2039
9751 6706
3599 8590
3268 4620
4689 7191
8206 5875
427 3161
9574 4330
7309 676
2151 1923
955 3768
7439 8141
320 3671
6423 4213
7834 9498
3130 9712
1624 7459
3890 12
25 7986
548 4144
4124 4203
197 3670
4422 7826
2258 6749
5231 8966
9750 9582
1259 3720
8497 932
5703 5303
6526 7096
9384 3276
5521 4680
5833 9727
2537 8127
4565 1449
1767 1882
7050 2021
1519 194
8025 1465
9536 8510
4141 961
8174 3234
1131 6288
201 9743
6494 4490
4553 8799
9253 5802
1890 4027
9353 9884
8639 2171
8327 3744
9163 815
4470 803
5627 8786
4000 1745
3574 1679
7910 1457
6744 8669
2714 8242
6451 6922
8081 4125
1261 9462
3317 7875
1228 9864
5613 3650
2101 377
7275 8391
3567 9795
2534 7923
4023 1744
2903 6611
6397 2046
5978 9822
5452 8346
361 8148
624 6417
7247 6927
9910 7460
4241 5647
4592 124
9835 2927
2205 3791
1220 4519
1404 6560
8195 1200
4749 2384
3294 8940
8347 7871
4187 8881
3984 9011
6228 7385
9326 3032
2088 3279
4720 2939
6996 1532
978 7272
1943 4983
7210 6655
7048 4829
5505 1893
4246 568
8954 6478
5812 9845
1060 241
701 7121
4398 9609
2996 9580
3495 3312
5124 1032
3394 1765
1734 9048
7136 4728
9193 9048
6503 2737
6304 8439
2526 3267
3021 306
7081 9914
6117 2936
5029 6656
717 2258
1487 7715
5842 7281
356 2522
7792 381
2936 3596
4843 6784
2187 9534
9767 5661
3714 7419
1117 9760
7525 7820
2417 752
4008 6669
5369 9136
9051 651
8484 3870
5592 3927
7718 3838
698 3581
5584 9520
8804 6986
3954 1420
4883 120
8250 1184
7871 125
9871 3215
9006 2042
1961 2792
6816 8399
1127 1196
5455 6156
3136 4498
9089 2382
4884 2503
9426 2193
6921 232
2324 5654
6716 8267
5754 8119
2317 8105
5506 1215
7386 730
5258 6984
8598 2389
2673 9482
553 4054
129 7319
7563 3164
9145 6196
3029 8576
3405 9910
157 3750
1505 8178
140 5232
2433 9975
4402 4589
675 5556
9274 7364
339 4982
1669 9636
3537 5975
8180 839
4230 8811
773 7583
3767 3930
8571 1471
6313 1176
4888 5590
8729 5862
2507 4387
9828 6166
5054 5788
2825 9701
5058 685
4881 9970
2202 7365
2951 644
3224 7859
6964 3981
3816 2020
6660 220
6506 6081
918 2454
6286 8196
9786 5055
3287 2506
9503 1881
1401 3077
4508 4830
6980 5274
6158 9857
1090 1069
7490 473
1278 5003
7934 8376
2503 5021
2962 8059
1009 6365
5195 3219
7189 6849
6128 1879
8084 6026
6561 5008
6502 5376
6177 4300
1099 1626
6594 6088
2154 7656
2688 4124
9267 8304
9521 5799
3411 8245
7317 9471
4947 8824
7822 2412
6456 8283
6024 143
6695 5923
3299 8669
3810 4211
4429 7900
5431 17
7236 1991
739 4379
6380 6624
5728 7941
8200 7993
1172 9272
6068 6484
2458 5366
1125 9338
3514 8812
3733 6604
4610 2846
9099 8865
1159 9371
8018 8326
7875 5657
9309 9757
7632 2558
3999 4777
2671 8044
4621 606
1637 5079
5631 3970
7955 8607
9714 1445
2627 2398
9628 3188
180 416
8934 4068
6205 3932
1506 2819
8123 6135
2179 7577
6136 7411
6116 1847
1647 615
5496 6978
5356 219
4003 4152
4022 9259
3405 4908
499 5358
7870 776
6815 6008
3775 436
695 7959
9971 8804
2224 4755
6123 8435
2179 2885
2846 5805
3124 5392
2584 5343
9486 4905
4471 3993
2516 5392
1558 7443
4997 2156
6017 7
1115 8342
4560 9974
1201 794
2346 6043
3744 1766
1015 7120
8014 9656
6936 5037
9498 4340
2038 2175
7078 3191
8196 7295
3513 536
7779 3840
4982 8215
7925 7681
6282 4055
3459 14
51 6825
6242 941
2458 215
5589 3168
3441 2501
178 6379
8892 6419
9835 4782
1737 2311
2432 771
106 6502
3178 600
9779 148
8732 363
8650 4014
5691 3442
4438 8862
5293 2170
7532 4488
8864 7888
6079 4921
513 8547
1523 6101
4309 4481
7731 8490
527 8385
3151 9768
7737 2404
7862 5992
3098 4317
4688 2606
7502 7452
7209 7898
8296 8730
8878 3935
6505 424
5155 7742
8571 1534
3435 7303
9379 5622
2724 76
9728 4184
40 6456
7003 6841
5210 4415
237 7259
421 8173
6862 7969
6079 7224
7232 3433
4011 6106
7653 990
7123 5052
6806 7338
6675 9267
9579 4341
1038 3015
7431 7489
9834 5583
2684 8282
9177 1139
39 6924
4515 5319
6140 6085
5783 942
4093 723
6115 6219
9418 5506
5169 7672
3751 1236
8661 100
6419 7466
7660 8935
1509 4574
3403 8317
7617 4033
2803 9859
2293 8633
4006 2150
592 9618
8385 7744
7192 303
8223 6853
3692 4605
6007 4639
1585 1055
6252 1581
6804 1801
3984 8726
7649 8594
8138 1023
3861 611
8645 7470
5587 9226
4933 2046
2443 6322
8619 2041
7511 2469
4385 3182
762 229
5005 5101
7974 9859
3763 2409
8707 8597
4303 9038
7183 451
4936 8436
9878 5938
9320 4522
6085 559
8494 87
5750 4224
1116 2227
7823 8329
7384 9825
912 9996
3217 6068
498 2599
3644 5505
5581 9644
7882 4701
3087 778
9466 1262
5890 2715
1544 3392
8366 1198
8230 1568
1197 9900
6144 8473
9654 9063
401 3008
6929 7972
5410 5079
8186 8635
4547 5217
2119 2669
8800 6289
2899 7895
3556 6737
1997 3892
2631 1745
3979 1559
5856 1648
311 801
4493 468
7041 5053
5150 4377
7837 5362
8274 6894
9613 2930
3176 520
9547 1110
8763 3466
4248 286
1356 5232
6391 4576
8333 5151
9674 465
7708 8456
2502 5677
74 925
7243 8828
6727 361
1181 1167
8087 386
8441 5904
6722 4501
780 325
1487 2174
350 2254
1323 8341
7106 848
7988 5110
1667 7711
3745 9605
1268 4415
5909 410
3058 3306
2 3665
4954 3914
15 3802
7373 365
8805 5853
6836 3815
8027 1654
4197 1320
860 7151
8597 3129
8094 512
9522 639
5979 4000
1399 8720
4024 4849
9345 8570
1037 2950
5333 7701
8935 1373
8173 1227
1192 9650
4181 3378
2153 4436
2164 7968
1148 8499
5389 8020
2992 8083
9466 848
6818 7237
3525 4786
6533 3476
4066 867
4364 5492
1805 7907
1304 9118
1750 7702
8810 6739
6284 4549
6167 3062
9392 9975
8807 9627
5688 9552
2643 3427
5344 2777
9717 7068
926 9218
3955 4875
5184 6017
4229 5164
6739 5867
5407 5718
7540 383
1017 5637
2541 8274
2933 4132
8116 3521
3622 1562
5758 6504
9456 8582
9531 3246
5858 6292
604 9676
9033 7823
7167 5355
3044 6989
3540 957
4631 2326
1595 4511
6598 8037
1895 8534
6035 2633
3688 7977
7014 8461
6768 7071
8409 221
477 5238
6959 4014
628 3826
5070 374
4027 3933
7317 8675
7168 8806
640 5440
2513 2753
305 9138
6151 4818
6190 1565
9143 544
9738 3410
3531 7897
2140 1072
5718 3301
289 4694
3508 8885
1252 3614
2670 9553
1290 5612
4835 9765
4063 4685
8197 1962
8745 7203
4084 5798
3587 9859
4819 96
2091 9021
9328 2939
3279 4142
4845 1370
7982 3843
9782 7095
7419 8453
9657 4481
4115 8291
1866 803
392 3147
951 1515
632 7689
2737 130
4089 7682
9410 3646
9724 611
2548 9549
6018 425
772 9750
6700 3908
6596 1576
652 8635
1591 7606
988 4728
5010 8194
2043 6801
1112 1787
8895 372
5348 518
8471 4089
618 8816
534 8190
3340 9371
9159 7393
1433 9293
9172 1141
4778 7507
4556 1914
5057 4981
6487 6895
2120 767
9042 2835
4723 7481
8903 3203
9939 2411
5780 3777
832 1632
4527 4578
2489 1665
5159 7272
1658 1460
1228 6512
6288 4021
9351 5466
8218 1809
4496 9376
662 9484
7604 9981
8144 1287
2734 2824
889 503
8522 6242
6459 6743
9143 2951
8228 7814
9454 1870
4934 6546
6345 679
6582 6316
4400 4406
7311 2975
2917 4428
8823 6550
7859 7967
160 5278
5236 4776
7467 8026
5590 1701
4012 2308
8241 9989
7651 568
7909 8864
9916 4157
5864 2733
2054 8779
249 9350
5615 811
8147 3024
2746 2078
4267 1909
9607 3566
9821 5584
1543 4110
6876 2050
853 920
5414 4797
987 2454
1159 1262
3309 9826
2848 6874
4038 6812
7332 2698
4863 7008
8631 7677
7571 8067
5672 7853
8230 3645
9106 2822
6996 5492
8516 2518
3567 9993
515 7564
5044 483
2670 9955
8166 8636
6846 1784
2480 7712
9652 2632
4498 4452
5113 933
8363 9815
5749 1918
748 1365
2178 2297
2191 3958
2764 2034
2800 1532
5061 4554
562 7934
4347 5023
1105 4631
3412 6382
1613 76
5992 1275
5768 5179
5084 5249
2799 7727
5739 9584
7449 836
2131 1153
6486 8306
7566 8914
2364 3193
3101 9471
1228 6373
6335 3655
6482 814
4287 4075
5502 5670
6677 9871
9897 3017
1006 3419
1699 2169
6462 4154
4310 4277
3860 4680
9216 5739
1609 2889
7940 7169
8013 3161
6154 5494
634 6057
4553 382
9135 7865
16 6781
9842 118
6384 5557
2251 6862
2437 8150
7795 4011
1853 3602
7893 512
4842 9763
8418 7503
2822 1621
9285 8226
1090 1652
7330 9068
9212 9972
4465 5835
7225 1260
7317 9995
9742 2305
6894 9567
9818 5152
3119 9070
5801 2720
2223 7607
715 8791
8491 8383
6111 9651
8556 1616
7661 4367
2028 1437
2442 7567
219 1100
1019 523
2183 1430
5022 844
6114 5182
7828 993
3066 7457
1362 8678
9728 160
604 4927
4697 2614
9095 3451
6351 3166
7962 923
6847 6647
4131 9174
6318 1000
5602 7576
3935 2596
7412 6159
3901 1832
3030 3690
6635 4281
3496 201
672 6094
8285 3745
972 1764
2434 9104
4472 4425
3492 6254
4878 359
5701 7051
8144 3418
6893 8778
8144 2402
3856 1505
6244 4557
5379 1101
2458 2175
3955 6410
906 5785
9450 9976
5077 1848
9059 7758
1007 1685
6524 5220
7318 6963
827 1772
4043 7948
2155 4906
3414 6059
9150 3267
4065 6973
5006 565
3305 5212
3999 9541
2588 2288
2202 9460
2028 1555
3061 9887
1069 2800
1216 1170
2789 5058
7496 1526
6949 9885
6626 1950
2473 4951
2070 3489
1975 611
1995 2614
4226 4334
6302 1981
4469 475
6970 710
5326 5228
1743 1659
1182 4791
2471 8304
333 2560
3445 9784
9448 4799
2007 1648
3556 8173
2253 8396
1379 1561
3085 2130
2372 1717
5965 3375
5083 3204
8725 7498
9811 5928
4889 3203
5943 1585
4206 2157
5754 6862
8936 9962
455 3196
9213 9327
578 1999
3244 3768
963 5797
5626 3447
3089 9213
4790 7780
6723 6328
8336 1927
2917 5990
8675 1454
8597 9022
6553 8607
7096 6377
991 5001
8445 7456
5892 6609
9078 2140
7709 9669
7781 9444
1128 3859
9620 5638
3513 42
6418 9254
7232 3984
831 5507
5828 4392
9818 3878
7670 4678
4299 324
9714 7350
6449 8712
8697 8216
826 8361
4283 6196
9866 293
4593 9984
8905 7126
8917 6710
420 816
3487 5052
9652 6588
2483 147
3601 6195
7259 936
7292 8723
4450 5691
6836 3275
3188 1608
1695 9005
5323 2835
9595 3613
8244 6641
40 7387
384 556
7697 1309
3386 92
5369 4182
1044 1903
9584 3148
1434 4580
7432 2023
241 3717
6326 8919
5015 94
7891 2330
7715 3809
8669 5551
5133 8962
7193 7067
413 9290
6204 9706
3341 4710
5841 3964
2010 3194
4645 1751
2790 5028
1760 5283
5235 2575
3496 1574
5782 9018
3824 3568
9430 9694
4353 7083
3570 4369
1176 4174
382 7231
2217 8550
3635 8859
5098 8000
8560 9937
9883 8641
6748 4217
472 8380
1061 5064
6492 6431
2956 4480
594 7187
630 2163
3385 1771
7927 5655
2689 3544
3131 2620
9456 624
2905 5320
7276 2627
4985 8009
1734 1918
6782 1650
8692 5098
5103 5480
639 2942
5095 1396
297 2720
3317 7324
8474 9062
7164 2722
7101 6349
2407 833
9551 5093
6434 8833
4358 3195
8420 5828
8393 7296
5966 8224
9976 9563
67 569
8163 595
7712 3188
8837 2258
236 4719
2996 14
806 5726
3261 8266
9143 2989
1849 4477
7853 7944
6374 471
5859 3132
368 182
5992 5112
577 7119
3754 2018
2406 3050
5900 2341
5077 1677
247 8773
6241 6683
2830 8860
5104 6995
7794 6260
5104 7039
2530 7320
5 5190
5647 2897
5813 7481
524 1083
4118 7654
4569 6006
3418 2620
2659 8632
5460 3841
6963 1305
2575 1489
4406 9
3046 4487
3968 1940
2128 8147
5077 206
2723 4125
9327 6221
5447 1529
2298 6824
2651 9314
5664 7182
8544 1078
6643 1366
8890 9894
8418 5216
4057 9248
5430 4593
8279 9365
120 8314
78 5751
3801 6615
1826 3827
385 2831
5 4737
1660 172
5092 7192
8096 6456
137 8641
2951 1953
9074 5467
1476 5806
4176 5383
6578 470
1753 9287
1334 1879
1766 6480
7293 393
7151 5082
4335 4996
7840 4049
818 4894
7464 5775
2202 2609
7634 1733
8065 5877
9716 7542
3748 5361
2598 7406
5477 909
8359 3481
4927 9486
9294 544
4394 7903
7414 9479
3590 7265
34 7168
4408 6915
2519 9606
5855 5287
4239 3919
609 7866
4059 9709
6904 6125
6968 2902
1060 3034
2524 7476
9413 404
6618 8189
7003 196
6530 6286
7175 7643
1552 6289
4240 5371
5419 1580
5348 4102
1220 6940
7348 8827
4811 9217
7951 6133
1064 3350
6037 2376
748 4720
4541 9541
2823 4337
1827 3271
2521 1516
413 1588
3614 1935
1861 6917
8415 1684
2462 636
4289 2790
1029 3849
8671 7739
5914 6589
2973 6979
4562 7782
8729 729
8835 8966
6815 7258
4398 7098
8838 4440
3579 5413
7656 2270
4915 5211
9311 4975
1522 3964
7292 7121
3297 6273
568 2567
7172 3706
6030 5955
8561 1180
3906 2283
8136 80
4832 6764
2145 5074
4829 2501
3708 8831
4935 9693
9792 456
6248 6766
1861 5933
7207 5093
9763 1694
777 3990
1778 2006
6921 7792
1959 1203
6778 9701
4208 7684
5687 5756
6431 5096
2921 3229
3958 6384
7261 6067
3021 1291
4345 4801
4567 2355
3047 9405
3764 5096
9439 7008
3086 9080
7675 1328
6839 1842
7765 533
5567 258
9165 1119
6564 5179
1156 7598
3675 3724
3513 541
8827 4630
8013 4755
636 3056
5062 1111
4995 7818
3819 6507
7289 7125
6331 1944
8276 9152
4416 3917
6485 6860
6177 5821
3230 8409
4684 5600
9958 3782
9582 1494
3645 7730
6597 6194
978 2044
5546 1150
5004 5049
1672 9333
8828 7927
8283 862
9440 6935
9311 9545
6527 7677
2225 833
4281 7957
3633 5877
4419 5214
5615 7815
6415 7874
2113 3533
4607 4828
313 9893
5337 414
9240 3454
4085 2710
6297 310
9371 8570
7832 3380
7932 5814
6919 5427
8719 7906
7531 284
7333 5796
8147 3710
5663 928
3877 2797
2723 6906
1740 4581
973 6919
861 134
4319 9949
1184 1184
1201 2173
1886 8621
1783 9979
4307 9212
2448 3906
1589 200
7298 6721
177 7250
6899 6846
8111 5265
8288 6442
9490 6624
592 9892
807 8735
6875 2447
8139 1897
6200 9599
7666 8414
2113 9472
373 4215
2852 7598
2375 3368
1693 4760
662 4437
2959 5318
2646 6473
8716 8164
8463 5396
8598 4678
6679 9975
8786 5036
4178 9955
7259 9480
77 5423
5144 8539
9505 7310
2201 6458
3277 8071
7387 6160
2711 7863
1443 9318
1504 2962
3697 7786
9313 9412
2501 4338
3589 3294
7562 5870
6850 2613
3732 5459
7962 1761
1995 6147
4059 4399
2827 6153
7805 5812
9572 8705
9210 4489
514 9801
842 8002
7368 1391
6053 7541
2400 9005
3726 276
8898 565
228 8175
1960 706
7822 5672
7981 1093
7037 6529
3918 848
4444 7309
3330 6511
3387 8598
1167 7256
596 1743
1781 1536
2494 317
3635 2169
2806 3716
1331 238
5096 1932
3774 8553
8790 6875
8928 1349
1549 1948
1943 1794
669 9399
3865 440
6722 8677
1567 8140
2545 4620
2651 1631
7550 8530
5098 1248
1737 948
480 9623
3349 3407
932 2984
222 4847
8233 8409
6056 5168
7867 5079
6498 5872
3986 138
9865 9479
6556 3805
6980 5684
1281 1861
5523 9960
9050 9890
2801 4931
9092 651
4005 8356
1694 1702
5742 4168
129 521
8838 5839
5572 6665
8756 1548
757 5864
9025 9513
7418 4100
8034 167
9508 3028
4505 3477
6357 7395
6449 6675
5823 3664
1228 9782
3190 975
9075 7325
5023 1385
9543 5269
6616 9516
6444 6946
3493 6749
3124 9546
7670 6315
3782 6435
9574 5058
7885 9291
5454 3581
2604 6770
23 710
568 6792
9332 7931
9306 1917
7393 4473
7466 7175
2389 9002
9581 1544
4271 9312
1788 8252
2223 1156
9382 2086
5215 1398
9893 8963
7636 4915
6658 4863
4091 1941
1180 6713
8359 4249
6952 8460
5932 8171
252 5739
4430 2922
827 4876
1842 2350
1781 8382
3073 3713
813 8463
1361 3352
7962 8487
778 8283
3398 1571
2615 2173
6459 5934
7658 7723
3526 9902
3066 6598
5818 4583
1414 1982
512 6770
9304 5734
6420 9676
127 159
1070 3549
9283 6829
7222 9085
9561 7118
9878 1446
5738 1478
5592 2537
9512 7162
6631 4241
4644 5428
8729 1345
2344 6323
9833 9329
9445 1280
5328 7934
3166 7274
5530 6094
1462 876
6233 9105
1418 6475
2389 1617
6024 6777
1837 8749
9132 5986
9869 4810
2208 7455
1916 817
3459 9247
6902 2946
8870 2540
3048 1627
9470 500
8702 8918
3961 5408
9626 1699
4336 2585
9949 8462
7531 635
5854 6738
8515 3575
2049 6627
7498 3841
8584 6384
8425 8596
4452 9507
3129 7186
8304 9213
2827 4286
4520 2537
7149 8301
5087 9430
2547 8798
4684 1774
3612 5866
8070 2122
6571 4382
2819 7408
2654 9436
7883 9151
7457 6985
9030 7742
8988 1520
9783 5058
7098 6822
9620 1639
1921 7090
5573 5026
7681 6774
2149 1406
2331 778
7354 2222
4299 2841
8782 6379
9731 5004
8781 2538
2579 4178
5195 1693
1905 60
8593 5831
2494 5487
6448 5787
9049 3086
2843 4828
3888 7148
8753 8413
9238 3917
450 6840
799 3551
4821 2058
4375 4604
2095 3546
578 627
9758 6752
451 9076
4492 2216
5312 9235
5295 9304
6992 6864
3023 1643
1242 6716
5995 283
7027 4050
249 1382
2732 4377
5641 5062
7632 6007
7829 9255
8467 5626
7861 8049
7211 5332
2502 9140
5703 5445
5085 9042
6705 3315
4982 2525
5823 6357
6109 8457
7216 9988
3433 1380
7880 7722
931 3784
3592 8686
4298 4496
4443 7246
8599 8301
996 4286
7207 6155
5582 5314
2060 4819
7395 4734
1758 4673
703 6417
1884 7877
6554 4949
1419 4735
1851 9487
439 7505
5399 3630
3813 4211
3256 1070
6143 3259
944 631
3140 7244
1419 3421
4953 1089
2896 5493
8681 4892
5115 3258
2826 6413
1959 4152
770 6163
5407 3824
4868 4861
9146 205
150 393
5086 9073
4883 5483
7482 372
4242 477
8013 2120
6502 508
5883 1830
6805 2492
739 4054
2070 6703
7917 8745
1842 7273
1578 4432
8107 5973
6241 3627
2690 908
7872 5145
9347 2598
6907 3764
8293 9300
1457 9131
1755 1204
2826 8106
7528 8459
6969 3705
6107 7178
2078 9050
956 6231
3542 5578
5109 622
5202 6592
2076 5395
1527 9217
7641 9858
9541 1212
3992 8524
1881 6774
2152 6568
338 4100
2824 2867
788 3095
9126 913
9443 6745
3145 5524
8725 426
422 568
6075 3923
2906 8895
1349 4331
7379 1150
9069 2849
9272 3634
8478 4785
8510 2167
195 459
6490 2505
9000 3778
9770 4755
9587 2189
8452 9912
2478 4046
6685 315
1368 80
382 3885
5016 2351
7732 4806
9359 3935
8247 8646
4012 5719
4568 809
8813 6973
4271 4813
7720 9964
7126 620
4707 1050
3432 7796
1664 1246
2431 4351
4212 1630
7367 7755
1197 3785
1946 6943
2095 7424
9941 7629
1942 5067
6429 294
378 5843
5020 3830
9146 6826
6877 1460
679 5449
1354 4070
7062 3109
7166 4950
4074 871
3944 7929
4049 6592
4425 2588
3470 9451
6904 7446
6605 7958
132 6578
4596 4565
8547 5549
4095 2281
3147 8167
7674 8121
8212 664
1774 7951
683 7352
1664 9617
4 2355
5275 836
203 184
1538 9318
5810 3778
9474 1889
5217 3322
7824 3011
7302 3293
9896 1578
2174 4799
6587 5034
9816 2470
264 6808
9301 9722
1217 7539
5585 1312
5595 7355
1007 747
4544 3886
9801 6260
8512 4028
6898 5681
8515 3401
1993 1448
4978 2233
4648 778
4973 4994
3095 4475
6772 3590
6472 9488
8033 9966
7842 1652
994 1303
9776 8666
5164 3968
6430 6638
1467 7701
802 8210
6766 5514
6500 4689
6737 9409
6654 166
9767 2040
1606 4780
7023 7996
197 8702
6323 6601
3010 764
9600 5856
2079 6378
4315 8523
4743 8901
3384 4027
2525 3877
5411 8037
8336 6762
8480 5855
8812 9838
2440 2063
6420 92
1108 9449
8074 2085
8660 9718
9720 709
4792 1223
3057 4755
1525 3610
8823 4035
7315 5394
6242 7628
5577 4828
8129 2337
6770 393
2827 6265
9981 1042
6924 7114
8733 1228
4947 3946
4770 1942
7727 8536
6088 6150
4139 1502
4022 5598
5418 5294
2918 91
7825 6051
222 3061
8827 163
5042 2277
6391 5268
2731 2187
3137 4684
1988 6841
8020 7724
7233 3224
1948 6770
9806 4314
2483 4124
8796 5897
5973 9148
5636 1450
4777 8148
995 5415
5963 9074
7154 343
575 1924
4570 866
6626 3511
7001 2784
5406 222
2836 5836
7375 3291
4824 2303
1176 8458
6540 1538
6899 3533
1926 8991
2550 4358
475 4334
738 8779
785 570
7511 4098
8240 2810
2476 2278
8799 8335
9740 3398
2064 5832
6536 3292
7094 925
6494 4046
8861 191
9046 4269
2360 6565
4142 9633
9760 3603
4783 4551
6387 7543
4717 4491
2244 5346
7946 7144
2915 313
1936 7987
5006 624
7836 7045
8646 9785
5331 9224
5544 6841
3241 8067
9151 7903
8415 7282
794 1628
5824 8576
1815 7342
8952 2823
1145 543
6607 5742
4131 2327
6681 6677
5298 4526
5349 7548
3025 8065
7221 2868
7987 2481
5399 3879
6138 7917
4553 550
3481 1603
476 5060
547 6160
9488 6888
3286 9874
3182 4014
7539 4741
6422 2395
2637 1193
2309 4579
5218 2804
7795 2803
6346 1361
5571 5972
7786 6184
1698 6646
3833 4979
4640 5725
4443 159
5918 1079
6225 5423
7804 3432
5758 3248
1679 8591
6512 5392
6114 3418
76 5814
4467 3014
4953 2471
5988 6261
6111 3437
8839 3659
8548 2865
481 9243
5275 9768
6455 6402
4619 62
6298 7149
2749 8162
4669 6346
2314 9910
9994 966
9132 8611
9618 4958
5420 9936
6411 9126
4094 2298
5725 6115
6726 6922
1967 855
2879 5208
6033 7083
2730 1522
9002 1736
1572 6975
7267 9597
6772 4255
9412 8695
8983 6728
5070 6786
2072 4144
9423 164
2405 7647
1716 3410
7915 8526
1475 9331
4880 9000
6191 8347
6053 2641
9452 8424
3377 829
8694 5997
9944 1535
7096 9618
9453 4807
6231 9573
7439 5875
2831 3904
2520 6004
2166 6321
7053 745
6555 1054
1731 4846
7540 8683
3073 2689
6180 613
7692 4755
541 3280
824 6918
1003 3121
3424 2733
8158 467
3979 5404
7389 2960
9549 4444
1529 1309
521 1494
9237 4067
5181 6014
5863 1240
3987 7194
754 8515
7509 8528
5100 435
618 646
1456 6921
5040 5549
9679 9127
370 2632
4509 3448
888 4979
6983 5632
7821 1398
634 573
4154 2734
6823 1601
5444 4154
7999 6097
4200 9882
7556 4698
4925 7839
7796 2023
3305 2157
4421 7301
1310 7186
289 9286
6818 4068
2900 4600
2920 6428
5576 6277
6519 9210
8501 1731
4200 1511
3135 4589
7732 7422
3745 8736
7491 3618
6036 7896
124 6466
140 1388
1515 1891
3493 8914
2028 6902
3825 5987
945 9210
4752 5846
3818 5079
6590 852
7653 8360
5994 3018
6561 8277
8979 8093
2738 667
5143 5647
5563 7478
1724 7595
3891 3919
2723 7040
9217 2878
740 3776
1804 6830
2426 7527
1468 9088
6285 3001
3557 6372
7399 1013
7602 8470
646 6742
1334 8770
795 7249
2843 375
495 6572
4288 8318
7954 2396
1692 1517
5066 591
3623 1454
3653 6629
4716 4284
9497 9560
4929 7754
7301 2188
4236 5087
1977 4406
5125 6294
3463 7810
3764 7658
8419 1029
1807 7882
5469 5423
253 1449
2729 706
7827 3587
5699 1986
4794 3313
2947 3913
7784 2881
6114 3998
5702 3446
8284 3765
6040 4059
8157 4589
5163 9714
7436 9853
8570 1283
2271 4117
4465 6867
4996 4118
9988 9348
4679 3277
8577 1473
1645 5948
3812 3106
9301 6372
1660 4041
8779 2574
4042 875
2365 5386
5144 603
5265 4617
736 3749
1699 2206
1078 7406
1958 4815
7124 4598
6018 7623
1367 5327
4141 6859
7133 8851
6878 6135
4854 3856
1803 8000
6466 4608
5272 5624
1471 8075
3833 8373
4338 9592
6945 2149
1740 2518
9327 6995
6497 848
3347 7740
4897 9224
5602 5682
567 7961
3819 1980
7501 4133
4039 9630
4513 2678
3809 6045
6051 4424
9434 7779
1474 4545
3028 5005
8938 5273
3274 1577
434 2087
5500 1373
3080 8856
285 5814
1279 5992
8036 7901
8352 6080
556 4108
9617 5314
3098 8814
8622 7327
9304 6914
1246 2733
2345 415
7997 1326
2173 7771
1784 1785
9762 779
3425 9947
9740 2066
4127 467
8787 9875
508 1582
5377 722
1065 7688
9659 4632
3031 4046
4746 917
5089 7283
8796 5213
8760 7249
5522 455
144 3883
4390 4060
2329 9419
1721 4538
5866 1870
5300 5192
7031 1517
2386 4144
1530 3047
9234 7423
9116 4791
3256 3954
5151 3558
3014 1983
6560 5323
5763 7020
7665 8564
7358 5574
9652 3121
6091 6388
9392 9916
4790 4722
8903 525
3973 145
2640 8033
2540 5536
4908 3835
6763 1326
8242 2921
4470 2038
851 4951
141 2453
3420 8152
4702 2159
5059 5516
9283 6277
4549 4168
4505 616
4145 1402
336 563
5772 7482
6532 4176
8554 7885
1138 3519
6193 3532
8580 1509
6961 1198
7003 1274
9336 552
6154 9939
3290 6178
4746 5996
3503 1416
8150 1561
2478 5412
4347 2738
2658 1076
6343 3900
1697 3925
609 6580
1176 4222
842 2010
6394 5272
3931 8060
500 6423
8400 568
3975 9218
2031 2086
2737 2100
8380 8336
444 1187
5295 1122
6799 8160
3167 4888
7406 2468
2190 5435
2679 343
6868 2217
8805 9328
2023 9822
5869 9942
6526 9834
7128 4183
5970 7456
245 3737
5911 9253
4763 3781
5417 2589
7980 8948
3349 960
7644 2977
5264 7378
9076 6041
8544 838
6313 2940
3188 390
2186 9089
5633 6504
4085 5994
1038 1033
6165 5733
3743 126
2592 5229
4070 5922
7147 4664
5140 9788
5296 565
626 6194
8193 4950
8840 3689
7391 3592
7859 7708
7349 9809
1808 1001
1273 759
3817 7655
6904 274
1319 9357
7301 8058
6195 7860
4616 1183
8646 3214
4821 7403
8705 8300
7404 102
5331 507
1744 4132
7405 2908
5687 4649
8481 7763
6270 4792
7261 5899
2870 4468
8743 8953
579 2223
4107 4003
4220 5839
6176 4574
5127 7205
4947 7518
1276 8563
4102 3139
1171 4127
2504 9023
3460 451
8942 5405
455 7967
3593 4139
781 3566
1144 5721
1249 7475
2748 600
3889 8740
9335 1669
3281 8495
5444 704
8479 7112
3651 3077
9297 9405
9213 9803
7714 9030
9922 9297
6760 2321
9255 4100
9136 1298
5659 1208
6400 9530
5986 9755
6566 2010
2887 4907
1998 1670
5782 6975
3516 959
326 6605
4227 8819
6364 1208
1617 6383
4423 6704
768 8499
401 1587
6502 581
6110 8570
1350 1679
5444 3530
256 7196
9758 2193
2500 6578
2025 8299
9442 306
8965 524
2752 5741
4948 2622
6457 5130
2079 5331
3400 9648
2979 6281
3020 6930
7208 803
8976 182
9986 33
1839 3651
7756 5511
6315 6681
1591 646
3227 1330
5984 4892
5459 1293
2171 2177
2957 4845
4711 7120
2832 7928
3428 5435
9581 6278
3007 3369
4972 6847
2360 9530
7943 9312
8154 6153
7054 3534
9106 1248
867 1665
4074 4841
5336 7711
6177 3430
1598 3629
4972 6784
7910 710
2809 8066
5162 9683
3601 445
7792 5830
1508 9815
3705 8558
952 7163
1085 1864
1565 503
2530 707
9636 6059
3271 4847
3637 8313
6958 8818
4662 507
82 837
4976 4317
2887 1700
6690 4625
4697 3852
6443 6527
1812 9304
1610 42
6467 479
4150 9338
8031 1099
8542 8392
1449 9094
2735 5966
7352 2317
8899 2785
3877 275
5374 9076
214 9278
971 7469
8738 4118
1197 6498
7651 2358
9872 5064
4719 5622
5948 7566
9821 8882
2642 9807
5588 2042
7385 1415
8889 3033
200 8322
292 7831
1846 5495
7124 7401
417 3793
3310 9205
4614 7616
6254 133
7937 496
6127 934
9532 3326
4747 8450
4243 7153
8971 1003
5139 8012
3510 1241
3559 1827
1748 8995
4202 4847
9716 8692
4296 7271
1261 9675
3894 6618
6484 3086
7737 7209
6987 2206
4907 3657
4417 2071
3181 2104
4028 2689
6002 1167
3971 1227
6709 9307
8798 5060
1638 7286
7184 4324
7780 8469
9874 783
4833 2311
313 5675
3534 3117
5436 6402
2865 3710
3586 2890
2639 3166
9394 6316
7173 9600
4194 5450
3869 700
5757 9426
1804 2507
2743 1253
3397 18
2901 6035
771 4218
7481 2409
5773 1796
7634 1279
6778 5181
311 9245
2441 1057
3160 6115
7277 190
9697 7166
1377 634
3715 2589
6572 3221
8684 1555
9648 441
9455 6716
4917 9182
8201 7138
5481 8941
7173 1126
9660 4424
8911 4278
8577 9776
5129 798
5049 2128
206 9823
9416 5223
6090 4035
3590 6590
5364 3817
4747 8327
2062 3468
875 1546
8158 8336
9839 4273
5513 4714
3426 1977
556 6773
3800 5754
7625 6084
5961 6555
3106 5130
9271 1955
9316 7739
1343 5528
7317 6295
4020 8645
3096 3868
4530 1870
9608 8031
9772 8120
616 3893
7319 7155
7297 2116
5829 8935
2768 560
1765 4075
7960 3759
9191 370
7202 1274
5889 9894
9986 1440
6822 419
994 9229
8734 9191
6054 9947
1157 4002
2163 9351
5549 5798
3593 9034
428 8296
7890 2316
9081 75
2833 5964
8280 3507
5381 3921
420 2548
804 7194
5772 9463
1560 1804
5034 5335
3141 2812
645 8684
6770 2191
6866 3630
7419 6909
7381 8148
7074 9659
1245 8014
5044 8059
6578 1677
3512 8875
3189 3315
4506 7879
6620 8823
5483 2786
8625 3268
4065 9378
8435 9615
2726 6819
464 706
354 1749
971 3955
7887 588
203 6560
8863 2069
7599 7796
6702 6900
6570 7613
7876 8741
5044 267
8541 3022
7166 2376
7937 9916
6306 34
4504 3791
6943 952
7910 2896
8428 7324
9060 8388
5350 321
9928 1970
3377 4494
1857 9709
1943 236
1250 5704
1476 1604
8298 8536
7750 8531
5864 1531
3137 2343
5200 6963
5350 2902
3365 3934
4753 7606
9313 6517
1330 2499
1986 3325
6107 7117
7432 2120
8393 8566
9372 5237
5551 7308
4394 5811
2714 540
9998 6979
5745 7588
7608 5115
678 2955
8564 3543
6614 7694
5371 6554
1271 6289
3946 7748
8588 5781
4616 7113
164 2260
4840 2467
4976 2444
977 5503
6909 3400
9023 8721
9091 6971
8608 4102
3903 273
7711 8002
9528 1223
3519 8300
9218 3157
9052 9298
3984 8618
8578 4586
2139 7266
6016 8451
8729 2025
4694 4044
4152 6924
7601 5231
1470 3022
9349 5871
284 4494
5934 7981
5381 3099
6306 7470
9272 9551
7515 9826
8563 3816
9183 7793
6809 4953
3409 1283
2852 3273
6806 4311
3913 8267
1565 8585
8000 99
2079 6130
1213 2525
1037 9895
2770 1881
6030 3804
1272 2262
3600 7872
1807 2881
7435 2939
1645 796
3081 8181
6958 5696
7948 3177
2043 8664
6088 1539
4762 8559
9435 7870
1646 7526
7340 8628
9704 9374
8377 7985
147 5607
5568 9309
9388 1057
1876 1405
2327 7758
531 7316
1482 3329
2965 7606
4550 200
3894 1227
3567 6311
4256 100
870 2265
9681 7707
1634 1471
5914 1315
1156 5832
9671 1973
4207 7421
7218 9791
8442 932
8856 4657
9523 6447
3906 3049
5961 535
4802 4490
6023 5558
8115 7892
1874 9761
3171 4092
5602 1938
839 2341
191 8091
9396 7348
2096 1299
3598 8585
1207 2274
9699 5077
5553 3671
5476 2694
6355 4887
6140 3773
4634 9883
7931 6900
8421 4736
1581 3969
5391 1300
7369 985
9573 9613
508 2970
1378 4602
8772 819
3883 2094
812 2620
3162 9403
5522 3553
7524 6648
2883 559
7967 1592
8234 5250
960 3847
8737 2966
3183 5805
7083 8302
3519 4934
8921 334
3447 6653
6247 4873
4179 6929
3106 3344
3728 5881
5511 3592
6094 4137
6641 1325
5479 551
2457 2360
5988 2068
3838 5334
3184 481
7625 5506
5064 3181
1789 6705
376 833
2582 3761
6985 9983
9862 4289
4771 3986
8601 5733
6407 5486
9100 6512
6981 8668
2179 6260
1857 4991
5322 5620
914 1051
2298 1106
6204 9755
9639 3488
1635 6225
8264 7800
3518 7382
6886 3292
1199 7771
4128 4615
5658 1984
6188 8020
5272 7458
6778 6168
6446 495
2227 4013
5526 188
4879 384
511 3408
7217 9229
7621 1006
2335 5654
3114 9188
9779 256
3608 7456
9791 2634
6819 3339
3837 8378
4695 3597
831 2533
1921 6477
7740 2604
5847 1390
1820 7367
6733 3912
2690 1406
8238 6014
5375 4146
1693 9816
1036 8236
3423 8895
2269 7011
9879 7524
6168 7237
9350 5494
6310 5960
2059 515
6927 5239
9823 7988
4972 3522
8504 9394
5426 565
3315 5150
2494 461
8099 8074
5215 1184
2069 9765
6071 4905
1157 3032
6086 757
289 5966
6866 3633
9909 4903
4052 8479
363 8404
1378 1650
7033 2899
5729 6838
4482 2943
4995 6163
9286 9059
2209 5658
4214 4785
5382 3276
1919 6845
5886 8444
1359 8204
931 882
6130 4871
2949 8091
365 2645
681 118
5391 230
3635 3128
9870 9246
4944 4048
3899 8383
6512 6974
8548 8018
9007 7891
8785 9663
261 4154
2285 2903
9002 5721
4830 406
4912 7310
6002 3437
3008 6268
409 956
7786 2394
8310 3381
1593 1829
4509 6987
7093 9258
294 666
9400 214
4849 2901
9794 2452
7343 2350
9607 434
7677 241
2418 2538
198 3216
3782 7603
1108 2772
4379 9039
9178 4843
8104 5823
3229 5094
6142 8162
5735 8733
1905 2702
8104 6004
2857 7519
1057 8599
6454 4088
199 7135
3089 6676
3836 8168
3323 1408
4336 7750
5213 1798
3879 3502
3716 2045
7900 2310
8094 5226
8113 5312
1386 8903
1882 302
3708 6708
233 8760
896 5393
5786 5012
7573 2662
9301 514
9625 3838
3491 6066
8712 9261
7132 1973
125 9840
1123 2960
1941 4749
8624 1417
1186 4875
5179 2479
1964 9342
5296 9383
8452 29
2846 1155
573 9107
342 868
3028 589
6150 3579
1443 3313
5248 4509
7120 9794
3752 7517
1985 1528
1069 4287
9131 4996
1458 1928
7330 9607
3802 4226
9636 5083
3860 9488
5593 7659
5184 3781
9956 2701
3671 9291
1106 8692
1426 6893
5820 1827
5336 9044
1543 7788
3163 1364
2165 6916
2652 2459
2364 8282
8667 7993
1336 7050
188 5435
9809 6650
6170 8371
287 8597
925 1950
4862 3280
8099 4788
3526 1129
2846 5178
7304 9709
9522 4692
9112 6141
2280 4180
2904 4303
9844 4934
1657 6387
8486 2251
384 289
5213 8647
3449 4384
8076 4986
683 4599
1838 6536
9535 6313
2579 6618
7997 6456
8612 8662
8410 2794
7342 6198
6245 3361
6248 4988
884 2499
8828 6604
8660 8084
3937 2280
1187 163
2992 6393
3036 9872
1959 2658
7992 1640
9769 1773
9041 2948
5900 7246
5392 355
6631 3546
6512 4370
5662 2911
4049 759
6168 6010
9917 3174
443 8435
4227 1108
3173 9449
3970 2302
6230 5614
5987 36
8693 3792
5358 5336
1432 7186
7713 6715
9812 1863
8798 6272
5323 2609
1299 2224
8117 4872
5984 4340
8443 7263
9040 6928
9568 8630
1812 851
4123 9308
3254 9483
8399 4279
2093 1956
5967 4553
5518 5079
9689 9213
1082 5239
1715 179
667 6479
5261 7224
156 8538
2876 2150
7446 9322
9353 6573
6635 3240
3878 1555
9270 3081
3181 8111
8808 7598
1943 7801
6310 7496
3287 9539
3410 1903
923 8237
4669 5556
3397 5581
6036 6112
7205 1787
2421 9571
677 1928
7460 7146
6642 1774
5485 6566
8226 2319
7832 1974
8125 6625
4219 9715
4540 9592
8921 2482
4931 5967
237 6287
4062 2873
1443 747
1422 1714
1999 5051
18 2133
3333 213
1237 4760
8106 7268
2448 8468
4668 8012
6091 2188
4048 412
3604 2678
5783 7325
694 9030
2924 2787
7904 2450
7404 7591
6282 5692
5248 2349
5564 2065
5547 3165
5678 2723
9627 1279
7764 9474
4062 7164
3710 7551
1990 9250
5683 8514
6405 7111
661 3188
4540 8362
2107 9787
5813 4227
2037 6054
2161 2164
3221 9254
6147 5896
7269 7127
5877 5319
4946 983
8645 4885
1203 6419
993 5498
6592 6319
4198 5149
8602 2335
2694 8569
1003 2978
7931 252
9504 7321
8773 3981
2894 7264
2386 8971
5861 3999
5322 115
1181 5357
673 8243
1545 3688
5761 9389
1587 1619
344 3375
7666 3807
1612 8143
8932 1141
8691 9890
918 1384
7661 4311
3503 3510
6997 1503
363 8026
8761 8265
4497 8005
3932 2400
6179 5630
6532 9787
2663 3316
9611 9027
1855 7196
3171 6348
663 5382
8325 7430
9947 3028
3193 8636
4910 5701
7977 2087
9807 280
7917 5148
8040 5343
4953 5908
9530 152
6836 9337
9428 9821
7926 2445
7724 7364
4877 2171
8489 13
3247 5128
4359 6674
3860 3022
2707 7225
1367 5955
2960 4919
9271 6286
5704 2209
4603 7819
2566 5983
1313 4852
9958 8911
9322 8845
5173 4382
223 9251
1196 8385
3933 8699
4953 2171
7102 9188
6946 4312
9234 3396
4241 1094
5632 7984
2077 7438
3726 4680
7933 1151
848 2287
1725 3167
6865 2001
2534 321
666 6713
6448 571
5377 2858
6124 4940
9434 3108
6490 776
9978 6362
5463 3427
729 7014
2988 4832
3447 3255
5001 2085
8233 5146
3964 7748
2737 828
3831 8723
3935 9940
5042 5167
4756 3361
3214 6868
3435 8680
6680 9064
7407 866
7307 1037
2301 3994
1007 6618
983 7831
315 2296
2617 5326
6612 7772
3742 9674
5700 4591
7533 9312
6150 4790
4532 6584
6413 8094
4632 6806
4290 5641
417 4972
1987 1409
2576 8493
8265 8876
2329 5366
3697 6369
4758 5232
9341 10
4871 3870
1386 9740
7348 2101
6542 7656
6474 6531
1702 7337
8021 8538
6698 682
3944 3114
4072 4826
9487 4052
1751 1317
8032 3612
3447 4879
9566 7526
5005 9403
6199 1342
4375 4878
1365 6642
2744 335
4536 2654
8432 723
7025 8561
3294 260
4289 7790
8814 541
9948 8972
6660 3026
6763 3018
7905 4196
1413 5260
305 2035
4122 144
6064 2642
5221 6545
9151 3403
1295 5454
599 6735
7195 5178
3783 314
8955 3380
2779 8716
9550 1988
3726 730
5442 4725
3564 5257
9833 3190
2579 5105
3199 4302
735 2337
1192 8343
6341 5298
2790 36
8156 8972
6654 5740
8198 376
3358 9749
5925 5825
3184 5797
4740 3259
3283 1167
2799 9207
3917 2089
9258 8806
8489 2346
3216 3658
4678 9526
1215 7938
8294 2556
4973 6278
8848 4798
2898 2751
607 2504
1328 3298
8837 9999
5304 9425
6762 9454
6909 8383
4408 4421
3562 3787
4528 4195
681 7651
7431 6475
2040 5849
1146 3980
612 4855
5973 5176
1821 3634
9449 6516
5852 5553
1842 887
3714 2402
1812 87
4655 4641
405 7724
1149 1465
9077 1284
6627 5592
5806 8490
9371 56
6924 9627
3357 4678
2160 2959
9719 748
5013 4221
6804 6944
9534 7783
9884 9291
9315 8272
8730 6197
7603 6637
2406 2729
6800 9211
5033 7129
6995 1670
1956 1691
9443 2167
955 6674
443 3490
9791 4764
4097 9921
2134 4743
2492 3981
7508 4204
1536 4316
8981 5369
80 699
280 700
1742 3743
8511 3885
7240 7396
385 5892
1707 4054
9785 6132
323 9883
9358 6718
9946 9445
8986 327
4167 630
972 625
9488 8030
6780 7088
3259 5563
358 1213
4683 6174
3090 8025
3940 3340
7273 1091
2643 4414
618 839
9669 3912
8943 2687
8779 8851
4839 8166
2255 4407
9644 7934
4680 1077
1095 8369
3323 6270
1044 2818
9240 7605
7142 5100
5762 5153
3403 9492
2309 651
552 7260
9066 3044
5938 5177
8100 6145
9954 1897
6664 5620
909 3536
4709 4560
915 8749
8965 3960
4799 8393
5778 1730
8744 9352
5483 6704
8923 3701
4428 6092
4549 5660
2406 5036
6772 4811
9385 8102
6603 6666
9198 25
6155 9688
122 4085
8798 9733
6771 9786
1499 5249
5326 9623
4867 7277
2976 2610
3048 8723
133 5566
9011 6503
4983 4249
9606 8591
7788 7607
7653 9842
2366 3949
3363 7396
7593 9941
8044 1299
2096 4759
5728 6078
2033 3376
1100 4774
3110 8456
2666 6275
993 3391
3343 2054
7071 6495
7734 895
9961 8034
138 3321
941 3139
3694 3466
3678 6574
6766 9970
4837 5328
1331 7330
35 9632
8454 3920
8986 2092
9314 2109
6391 8172
7507 6417
4266 3414
4762 5991
218 8044
9299 2924
2755 5216
4352 8000
6064 9289
4549 5169
7017 8016
7581 7193
8887 7534
1001 6128
5276 1848
5011 6316
1253 6829
5131 8499
4358 7697
7597 4607
4437 2082
3078 4344
3322 4233
2213 3166
8728 4701
3526 2270
5742 4568
8447 749
4489 1649
4567 3062
4270 8798
3316 149
1790 127
8470 1940
544 9461
258 568
1969 8254
7693 5082
193 7945
2394 1546
1011 2781
7440 8830
8403 9404
7322 7364
6249 5291
8069 3174
5067 422
5844 793
626 5879
9660 2949
4087 8787
9099 5878
9351 6625
3562 7328
537 6717
2916 6266
5126 1420
3797 1599
3645 1982
1129 2599
8976 9148
3987 6056
7179 8288
1566 7981
6177 9850
2468 8928
7457 8995
9384 622
7000 6288
328 1111
8647 2018
8857 702
2618 8621
4495 5251
8679 9814
3297 231
3559 3034
156 3920
7079 2562
4334 5201
1230 8198
742 4293
7608 6668
5349 8344
5547 4619
472 1055
1717 9831
5799 6742
9664 6532
6626 4514
8071 6627
8849 5869
809 9437
8545 9004
3115 9292
2250 7763
379 3317
7904 3734
5611 3630
8572 2348
1838 918
2302 1965
9847 1024
1930 5546
1115 3141
7861 1595
1082 1703
6902 4292
8327 4367
4863 5209
7806 9269
9311 5409
409 7149
2364 5573
6615 7068
6123 2846
7452 637
4484 2427
7304 2296
5083 86
7335 3758
6701 7152
1049 9341
3875 1719
4174 255
720 9752
4253 5648
5038 5205
6963 7593
7991 9102
5977 7689
9416 1816
5487 6934
1704 2403
6181 5139
6537 8652
9410 732
362 3326
6213 2836
402 8945
458 4033
7517 2313
5491 4896
4006 2507
4241 2393
2606 940
4742 7400
5443 947
7282 7220
3412 4865
8324 8567
4052 5203
1284 6857
6079 7713
1408 2107
9586 8894
8263 6209
8241 6374
1219 3030
2526 2862
469 8700
3886 7561
6629 3413
2682 9358
41 3964
4998 5583
7926 7540
542 1758
631 6181
7792 8672
9777 8440
5025 1577
1767 4286
4093 7451
4465 3831
1815 4962
9667 4834
4457 7715
4851 3279
6525 9935
2610 986
6962 7984
813 4085
7267 2887
2264 1358
1341 9228
5758 6445
2306 4252
4255 1789
7614 3017
2185 4863
5892 1271
4868 2605
9653 726
9234 5223
4501 3239
7785 4848
8069 4445
8174 9959
1186 2821
785 1299
773 8817
9290 7571
8592 7896
327 1118
1471 6722
4127 7716
138 5734
7028 6609
7604 9473
6230 8459
1855 6980
6457 5964
8736 5476
2912 1479
8575 7563
3572 8530
8556 8264
6360 3838
7996 6487
38 9412
8524 9327
5491 4424
3074 3430
7705 9085
5417 3085
8760 9518
7293 3865
8509 8738
790 326
3423 2881
7003 505
5687 5670
4489 9210
3755 1643
9941 4552
3016 5984
8389 4276
4914 7357
8952 6406
4889 3630
2586 217
232 2994
8580 2870
3175 9055
4562 3262
6808 6837
6871 7953
538 6203
1378 5413
4586 9235
6738 6217
908 3
4176 2859
1054 2684
6966 2841
1934 923
6232 4815
198 7205
8569 5132
3171 3919
7718 9582
1851 6266
6649 1447
603 7676
5480 7843
2676 4169
4057 5286
1587 7965
7220 4458
3407 7368
1207 7250
2379 6812
1844 2875
2333 3045
8929 7718
6268 1586
2596 89
2572 3135
9363 4454
736 6461
671 7741
408 9475
138 1837
8649 6732
187 5710
6707 3584
5761 6628
6133 2055
1729 5321
3681 2244
4415 2589
2529 5499
3380 9087
7228 7434
3261 9998
9098 2451
7624 4924
1642 5089
8049 321
6831 1105
2548 1255
5991 8474
2197 9526
6175 593
4640 796
9023 171
8195 4277
8418 8003
7403 6173
3598 883
4936 8163
1223 6070
5483 9135
9696 491
8544 7151
616 8150
3561 4417
3052 3293
1993 6778
8635 6564
4629 8964
8861 7533
9544 8694
3648 6946
2860 8073
9139 4935
3653 3649
3009 876
562 2522
4586 5324
1102 5826
981 934
1261 5333
5743 4384
8038 999
6584 5202
4510 5609
9511 3141
3267 6194
2608 857
4809 2915
121 4888
6911 6627
6432 2516
9189 6312
316 7054
6644 5401
3903 9072
6005 6262
1455 1863
5313 8989
7736 8705
6284 7179
5206 7397
4840 248
8508 7576
2804 8445
8586 2100
5867 1459
8286 7049
9970 159
1400 3102
3262 8882
5389 8518
4272 9656
1350 2434
7808 5298
443 6510
2981 8518
9716 6848
2036 7910
9355 862
8854 1622
8561 9297
8601 7896
1001 4477
8834 6332
9647 2128
4271 5186
6704 9108
5704 8975
7289 6030
7757 266
4118 4906
6487 6475
7702 5512
330 5960
3178 6170
4462 5665
6137 3153
6426 2498
1708 5759
1548 4382
6116 8406
2051 7681
4771 1367
5772 6714
4839 6298
5918 3945
2123 9526
6603 7303
6879 293
5397 8316
4127 2383
6646 1665
7632 6713
7246 6908
1838 6400
2952 1952
1594 1121
4562 867
7694 8088
7088 8171
6512 3772
6359 4639
371 3737
6854 1035
1440 5412
5288 8215
1600 3272
6317 6118
5280 80
730 7481
718 5263
3424 1953
3556 6439
6012 2375
1548 1223
1452 7744
1340 8651
3898 9718
3106 1978
3847 1090
645 3851
6763 9785
2067 8823
1120 2682
5848 4880
7813 2637
6649 3673
2266 7984
977 122
7482 6791
4679 4733
9676 7540
3170 8044
8902 411
5778 2234
8833 9098
4569 2835
3721 9063
4824 4158
3475 8967
2539 5319
5688 3722
8966 5248
6906 1972
8187 27
8406 7138
8937 4928
8701 244
6070 7304
186 3539
1095 4748
7204 5614
9230 5994
1099 2512
7330 9162
5058 2078
4331 9193
376 3311
4133 3982
4537 7134
9604 2245
6284 5498
1319 8616
6787 8076
798 8910
4018 8003
1114 8253
2066 9072
8036 4556
1089 8819
9345 9282
3822 61
2131 511
8070 3521
269 7427
9633 4214
1440 4419
4852 1980
799 8236
8139 5348
6978 3409
5891 7067
8209 1718
2922 7040
5899 6889
9704 1587
711 2183
6842 554
4582 7910
7636 898
8275 3022
6626 2665
6686 6213
6466 2982
903 1940
5775 6590
9129 5003
5158 5767
2552 5946
6581 1481
993 1816
333 8855
24 6931
5613 87
2515 7757
71 2509
6607 8372
3170 6662
8482 6950
4999 6122
2465 6441
8968 6738
7744 1550
6556 2462
4443 8467
3583 6144
2631 3415
4641 4957
8009 5202
6490 2876
9756 5450
6359 747
7269 4258
675 7457
3989 6784
2017 493
1758 9697
4323 3519
3218 7453
1489 9546
3801 8981
4753 489
8802 6477
1140 7098
6804 7390
3454 7510
2080 3187
3745 2292
2396 7726
3778 6127
4674 6574
2676 3101
3808 2012
4157 8746
6769 274
9702 4216
3261 6817
7157 7822
3216 7407
6002 5557
9085 7151
5827 4273
9860 7594
6437 450
6750 9634
9791 6890
4570 4118
6703 5236
3109 4734
4624 7899
1146 8565
6969 1642
5855 2193
789 9805
3970 7429
9483 9398
4220 9261
1681 648
4195 9760
709 8056
1772 620
9425 8881
7736 7716
2634 8506
6401 8227
984 2666
4602 9250
8455 5564
9418 5022
8542 5633
8071 1304
5348 7811
1061 6272
2181 4504
9138 197
8527 6930
562 5737
3580 6998
6047 8489
8640 3394
5668 2751
9283 5615
6919 6107
7388 9287
8501 312
2845 7491
8057 5506
4391 750
1221 400
9211 6089
5330 954
9956 4551
9665 9193
143 7148
3644 3527
5114 2886
1138 6364
6804 7012
2413 1249
126 9511
9517 7425
3180 8910
4878 3466
9324 5880
5818 3544
8562 483
7679 3651
9826 8739
4372 1718
959 7098
9014 1315
3421 5230
378 7334
565 7470
2044 978
9628 6455
6405 6561
4788 1758
5049 2968
4644 638
406 9165
995 1663
2697 1964
3824 9583
2823 1019
3714 1843
2186 6774
5127 523
7037 623
9629 7151
7557 4276
1587 3934
6987 831
3858 434
6794 3605
802 236
4892 5075
9285 8299
4232 3520
3526 2100
8590 3603
1688 2610
9437 8015
9961 5812
5227 4235
6797 1865
4213 1776
7573 5827
8065 9153
8465 3765
1029 1805
54 8126
7781 358
2327 8173
2141 9406
384 5075
4679 4036
7031 8043
8459 2381
7348 2801
9769 3280
6919 3973
2133 278
7650 5417
1855 6890
367 3483
876 9243
5638 5594
3823 6198
9893 6432
4611 5465
8894 2017
3986 1665
1717 9367
1720 1706
2475 6408
8594 3289
9929 2223
5041 8683
1064 792
9796 2141
6029 5669
2585 6632
268 218
3260 333
2185 3466
238 4094
6552 4438
9863 8719
3921 9530
317 9972
6868 9130
6355 7386
7850 5822
4706 8690
791 9226
7634 1474
8935 395
9637 4981
6551 350
704 6652
5824 4003
1553 7293
8914 8545
6785 3514
1352 8292
1922 6129
5671 5386
6403 8842
8688 3653
1038 9489
1033 489
207 5337
2358 4761
8155 6337
2091 4310
7604 5360
6908 5884
4304 6960
2160 619
874 4085
4021 4934
3969 8450
249 6975
7892 540
8705 4306
7774 8644
9726 2857
1108 4306
8972 5004
8208 7764
1274 5963
8212 5786
8174 4213
743 8821
8658 3361
578 5652
4507 7657
4329 4190
8242 2654
6363 8476
3279 9204
9501 5331
435 9494
3300 7887
470 1012
1872 8084
5271 4032
2812 8203
8697 6261
836 2249
6845 666
9596 4327
7067 1256
2319 729
7178 1462
1712 7767
9353 294
6948 4763
7273 2638
2152 1630
399 7370
9719 3619
5458 3269
8123 1039
2427 2648
9049 6647
1068 3257
6965 1884
4886 6932
785 6537
9084 5692
3698 4727
9454 4331
4999 6479
9300 3451
7702 9937
3076 3692
8182 3195
4614 3640
944 4559
5187 291
5872 1967
9860 934
5290 4241
938 9139
7587 5903
6999 6075
7162 41
850 5651
2869 3449
9768 4884
5617 8278
2802 5268
6793 3120
7290 3596
8640 110
7428 1520
3000 8415
1947 3269
9708 9297
5101 3274
4129 6622
1768 6437
8348 502
2383 4995
5955 4282
6051 9213
8900 9687
2583 3632
2927 9565
8827 5826
5502 521
560 9685
6018 9027
4869 6781
1053 2674
7904 7128
4613 4737
2999 5591
4 2539
7907 8183
9651 4875
5972 7072
4875 8131
6837 2381
5419 8118
1214 821
9626 3518
9319 1460
6984 9713
1935 583
7902 3389
9695 9064
4231 4498
8413 8889
7601 5951
2832 790
2940 5752
731 398
1937 5581
5125 1084
7225 9286
6551 2280
2998 32
5959 3144
9845 3413
8216 353
9101 3379
5252 9763
3373 6106
9975 9824
4322 5209
9828 4804
8225 4703
584 9745
5550 2213
6133 6892
3908 3422
5892 8012
624 2943
1945 8695
8032 3532
3648 7246
8979 3157
3517 178
3171 3665
8906 5790
6085 3931
5510 3384
113 5332
1019 6401
5975 7547
1649 3317
9985 5539
4491 2987
7733 9628
4899 8034
3490 7903
4034 9820
7390 6383
2087 4611
1680 8860
5766 430
2587 2166
4002 9613
1357 647
7148 1414
221 7556
5809 6676
9154 1169
212 9336
3392 826
6601 7512
1847 827
6853 5576
9228 78
1148 6405
2861 1738
1758 7902
6055 3065
5100 7016
4834 7511
8288 7327
3806 9738
25 8777
7131 7527
4117 4672
6843 9917
4381 8703
3868 6593
2507 6852
8403 277
3804 1960
422 9989
4197 2591
5909 4895
8225 7629
5309 5249
7027 1863
7383 1669
2525 2531
6868 561
8730 6865
6348 9095
9672 2488
4121 5600
8818 6392
9448 1613
4457 1878
7555 4078
7698 1480
5813 2194
2416 8569
4427 4553
4745 2520
6853 1053
8132 7096
2158 5021
2805 8095
4826 5367
4278 272
2511 359
2619 4953
4232 554
686 6317
8802 4303
4950 4658
7774 7743
2328 2082
4243 6574
3630 4922
1633 7736
2643 8121
5582 68
5138 947
2845 5646
6940 5873
2245 6364
5297 8952
5556 1156
9564 3670
8291 5342
7119 202
7180 4777
2659 4987
2626 4764
6232 3667
332 8483
1706 2721
4815 321
7844 7823
9642 8977
5975 79
4045 9967
5851 5175
2259 3369
9919 4402
5851 3528
7365 421
4352 3654
8542 9689
6827 4511
8685 2385
9157 4464
8528 8220
7711 3494
3465 7655
9180 7788
9790 9904
9808 364
6046 584
6192 5240
1668 7829
5341 7722
1097 634
4730 1859
2722 9275
9772 2858
8723 1669
9779 1615
8260 4114
3984 2293
4317 4113
4713 9050
668 6685
6365 5926
2767 4820
1955 780
2192 943
3264 8913
5128 5510
7236 8214
9134 9293
2753 1948
2903 2424
6667 5972
3249 9976
9189 8302
3345 3702
394 1579
3089 7279
9425 5871
8584 3749
4657 3484
2624 5127
4426 1606
2529 9972
4246 9034
113 6082
3196 567
2965 2786
6510 1224
7552 8618
4125 8887
5339 9854
4742 9298
1916 6804
5875 2404
5137 3496
8185 1327
9209 5564
549 3036
5893 548
8496 1551
8512 1190
88 2702
5284 8841
7678 1050
7702 6134
7025 590
2116 2747
9970 1928
9834 7988
7541 8611
8669 4001
3134 3752
741 205
7074 4485
3203 9135
2008 7682
9102 674
599 6886
7768 7227
5725 6688
2380 6238
9042 309
8699 8692
9823 4429
414 5508
5207 6983
7989 2948
6048 4667
3027 7253
8788 5023
3063 2882
7910 2284
7476 7921
6184 4891
8911 4808
3791 1247
5334 7636
2432 4478
2451 3234
724 6422
8180 6768
1816 6306
481 2172
9818 5959
7952 303
5449 5840
1280 5892
3169 4326
2042 9873
8377 5947
2645 6744
290 5155
6772 3903
5749 6514
8720 71
6735 5500
2477 4893
1842 265
7567 1040
4085 2294
5864 4288
7225 8818
1525 2754
9598 6472
3179 5077
3022 8027
3529 654
2296 5634
9525 2880
6209 7669
5348 2567
1635 5000
4918 5271
6599 8463
7561 1731
1642 1041
9645 1663
8683 9752
6317 5785
7798 2458
568 6315
553 169
2222 3280
8708 8454
4530 8890
7224 3039
847 5988
5475 4441
2435 5070
1021 3161
4184 3274
9209 8088
3088 889
9053 8174
2908 69
1664 8564
4970 4327
3650 3666
3963 2554
2380 2484
203 336
4283 543
7637 5685
9646 3709
6139 8845
8067 1291
8834 2525
6844 7804
6852 86
382 6464
77 3704
6608 9239
976 277
8552 6559
3701 2608
8057 2134
3527 6798
3972 8109
6514 9308
5154 9388
1323 6417
4499 6939
7931 6791
2069 7580
2277 2210
1525 2259
808 2893
1613 175
5321 5064
9450 8919
4190 5432
3026 2060
5860 9319
9604 8813
5218 3676
49 511
9186 9305
5954 5458
476 1591
488 1986
5499 1931
2121 2758
513 32
4248 3551
8638 9028
3155 1150
9057 1368
4401 8374
4291 942
2782 5767
8796 4136
8953 9007
9266 4943
6858 1304
5089 3938
5396 124
2052 1167
5954 3622
2268 7942
9793 7614
6885 4709
3749 2298
8938 1990
4900 3298
4736 2888
3053 5852
7243 9300
5719 4297
5768 8197
541 6342
8912 3502
5603 7051
1330 3092
7055 6572
5888 7596
2606 6675
37 2633
6410 7801
1748 920
4386 7241
4100 1292
5440 5746
3334 2214
5500 6297
9062 5165
2555 4861
2941 6217
4976 2599
5994 3131
8567 700
3936 7095
6174 8696
7953 5509
291 7458
4468 939
863 4685
3394 1029
1538 4403
6052 2357
4653 2816
375 6186
8741 5572
8315 9089
3958 1642
2002 9646
8508 7005
9573 3516
8358 3793
8017 6796
7115 6910
1073 4497
7754 3231
8083 2382
3824 3355
977 7696
890 7510
5732 2644
5894 6771
157 9435
3769 8400
6866 4254
4047 4451
375 4616
6779 3163
4299 6065
4548 9856
3336 6425
9977 3997
9007 2078
5234 3173
6694 5254
8035 9046
3323 3379
1698 6767
3077 3702
5321 9171
9381 7360
6332 909
7801 9232
9848 2441
4365 4563
4096 613
3300 1502
6773 3881
2123 7776
2990 8377
2975 3581
6239 4227
4956 2730
6380 9453
7687 6729
5694 67
7474 3421
5316 6401
9689 1074
2738 836
9774 7289
2687 6232
2649 5752
1187 1819
6200 1928
849 3029
7730 6458
9759 9590
4043 4584
5491 6158
7887 8172
1112 8168
420 1808
7685 3512
842 3617
8925 7157
1248 2801
7396 3419
331 9169
4524 719
1028 5673
869 6343
6859 3704
1851 174
5765 4651
3466 1348
5082 5147
8971 7415
5422 5414
4571 1481
1377 7801
9529 1171
6954 2772
8296 2456
3886 6248
2931 8047
748 5313
8216 1496
9529 1128
6662 4419
5584 9803
6388 9022
8366 3537
1770 5983
3813 4871
9011 8012
4918 2225
1688 5163
8529 5391
1838 828
2017 6216
7129 6007
1586 3751
5846 5847
2691 9389
9655 5474
1298 3616
2476 4562
7361 4115
7198 7873
244 8223
1264 7922
